1 0.434611 -491.51 0.59964 0.590447 0.569742 0.0600576 -0.0130874 -0.133907 -0.0744009 0.765389 
2 0.434663 -408.447 0.299638 0.220195 0.147297 -0.362399 -0.443438 -0.566426 -0.508462 0.330726 
3 0.434836 -328.241 0.161457 -0.0589404 -0.254948 -0.766055 -0.866736 -0.995477 -0.94184 -0.104109 
4 0.435199 -252.512 0.126512 -0.177032 -0.610092 -1.12575 -1.27204 -1.4162 -1.37407 -0.539308 
5 0.435642 -182.624 0.0980863 -0.158407 -0.885032 -1.39352 -1.63408 -1.81532 -1.80393 -0.974951 
6 0.435981 -120.771 0.0861192 -0.125087 -1.06156 -1.5208 -1.90918 -2.15751 -2.2274 -1.41093 
7 0.435652 -69.9686 0.0798813 -0.108422 -1.14061 -1.54165 -2.06167 -2.38051 -2.6311 -1.84658 
8 0.4362 -31.5681 0.074921 -0.102477 -1.16209 -1.53848 -2.1216 -2.45906 -2.9752 -2.28278 
9 0.440782 -4.59566 0.070836 -0.100136 -1.16698 -1.53802 -2.14419 -2.47657 -3.18347 -2.72357 
10 0.449792 13.4885 0.0679699 -0.0990229 -1.17022 -1.53795 -2.15339 -2.48548 -3.23625 -3.17336 
11 0.466438 24.952 0.0664442 -0.0983808 -1.17255 -1.53545 -2.1578 -2.48827 -3.24357 -3.6398 
12 0.525645 30.7833 0.0657617 -0.097803 -1.17374 -1.53166 -2.16103 -2.48922 -3.24754 -4.16544 
13 0.782952 32.9614 0.065477 -0.0973134 -1.17437 -1.5282 -2.16356 -2.48991 -3.247 -4.94839 
14 2.75971 33.6039 0.0654452 -0.0971805 -1.17451 -1.52711 -2.1643 -2.4901 -3.24638 -6.32825 
15 57.466 33.7075 0.065424 -0.0970835 -1.17461 -1.52629 -2.16485 -2.49023 -3.2459 -9.32825 
16 0.01254 33.7117 0.0654031 -0.0970511 -1.1747 -1.52588 -2.16546 -2.49098 -3.25217 -9.32825 
17 0.00626569 33.7136 0.0653712 -0.0970086 -1.17477 -1.52567 -2.16585 -2.49144 -3.2553 -9.32825 
18 0.00310111 33.714 0.0653492 -0.0969757 -1.17483 -1.52556 -2.16607 -2.4917 -3.25685 -9.32825 
19 0.0015287 33.7141 0.0653367 -0.0969539 -1.17486 -1.5255 -2.16621 -2.49185 -3.25762 -9.32825 
20 0.000752654 33.7142 0.0653303 -0.0969406 -1.17489 -1.52547 -2.16629 -2.49193 -3.25799 -9.32825 
---------------------------------------
0.0653303 -0.0969406 -1.17489 -1.52547 -2.16629 -2.49193 -3.25799 -9.32825 
0.281565 0.210257 0.218489 0.17294 0.153595 0.153835 0.180313 76.0678 
-0.000147453 0.000528689 -0.000861221 0.00189264 -0.00704766 -0.00804058 -0.0230055 -9.92274e-06 
---------------------------------------
***************************************

# 0.005 0.019 0.0425 0.07 0.11 0.17 0.24 0.4 0.603 
6.533e-02 2.816e-01
-9.694e-02 2.103e-01
-1.175e+00 2.185e-01
-1.525e+00 1.729e-01
-2.166e+00 1.536e-01
-2.492e+00 1.538e-01
-3.258e+00 1.803e-01
-9.328e+00 7.607e+01
***************************************
1 0.46695 80.9188 -0.713666 -1.16192 -1.16409 1.95516 -1.17595 -1.89453 -1.432 -3.56695 
2 0.445998 142.123 -0.769371 -1.30692 -1.61008 1.52012 -1.6135 -2.26869 -1.8628 -3.9995 
3 0.438852 197.429 -0.831345 -1.35295 -2.04488 1.08541 -2.05235 -2.62649 -2.29231 -4.32489 
4 0.4345 247.44 -0.88751 -1.36211 -2.43839 0.651764 -2.48685 -2.96528 -2.71935 -4.49563 
5 0.430925 291.81 -0.927827 -1.35802 -2.73801 0.22084 -2.89494 -3.2604 -3.1384 -4.54241 
6 0.423567 328.293 -0.950097 -1.35295 -2.87257 -0.202728 -3.2209 -3.46156 -3.53599 -4.52904 
7 0.408388 353.959 -0.962312 -1.3445 -2.86123 -0.611116 -3.3732 -3.53007 -3.87647 -4.50683 
8 0.394192 368.886 -0.969421 -1.32821 -2.8031 -1.00531 -3.33795 -3.5285 -4.09995 -4.48715 
9 0.401176 377.895 -0.970474 -1.31375 -2.71828 -1.40648 -3.26379 -3.52927 -4.18935 -4.48108 
10 0.416843 385.401 -0.967782 -1.30921 -2.66621 -1.82333 -3.22465 -3.52709 -4.2088 -4.48491 
11 0.417986 392.499 -0.966239 -1.31844 -2.65201 -2.24131 -3.21152 -3.5174 -4.21331 -4.48806 
12 0.394827 398.742 -0.968107 -1.33421 -2.66543 -2.63614 -3.21341 -3.50038 -4.21449 -4.48798 
13 0.327166 403.384 -0.971135 -1.35034 -2.6976 -2.9633 -3.22978 -3.47441 -4.21448 -4.48415 
14 0.20832 405.887 -0.972998 -1.36481 -2.73046 -3.17162 -3.25673 -3.4409 -4.21268 -4.47742 
15 0.090876 406.707 -0.973348 -1.37029 -2.73829 -3.21706 -3.26948 -3.42694 -4.21037 -4.4744 
16 0.0611779 406.805 -0.973661 -1.37437 -2.74296 -3.24765 -3.28009 -3.41629 -4.20804 -4.472 
17 0.0401509 406.852 -0.973907 -1.37734 -2.74561 -3.26773 -3.28863 -3.40832 -4.2059 -4.47016 
18 0.0260046 406.874 -0.974092 -1.37945 -2.74703 -3.28073 -3.29533 -3.40247 -4.20402 -4.46878 
19 0.016781 406.884 -0.974225 -1.38092 -2.74773 -3.28912 -3.30048 -3.39825 -4.20246 -4.46775 
20 0.010861 406.889 -0.974318 -1.38194 -2.74803 -3.29455 -3.30438 -3.39523 -4.2012 -4.46699 
21 0.00707917 406.892 -0.974381 -1.38263 -2.74813 -3.29809 -3.3073 -3.39309 -4.2002 -4.46643 
22 0.00465672 406.893 -0.974422 -1.3831 -2.74812 -3.30042 -3.30948 -3.39157 -4.19943 -4.46603 
23 0.00320559 406.893 -0.974448 -1.38342 -2.74807 -3.30197 -3.31108 -3.39051 -4.19883 -4.46573 
24 0.00235303 406.894 -0.974465 -1.38364 -2.74801 -3.303 -3.31226 -3.38976 -4.19839 -4.46551 
25 0.00172015 406.894 -0.974475 -1.38379 -2.74796 -3.30371 -3.31312 -3.38923 -4.19805 -4.46535 
26 0.00125341 406.894 -0.974481 -1.38389 -2.74791 -3.30419 -3.31374 -3.38885 -4.1978 -4.46524 
27 0.000910935 406.894 -0.974485 -1.38396 -2.74787 -3.30452 -3.3142 -3.38859 -4.19762 -4.46515 
---------------------------------------
-0.974485 -1.38396 -2.74787 -3.30452 -3.3142 -3.38859 -4.19762 -4.46515 
0.275606 0.212796 0.245401 0.233477 0.177679 0.161275 0.169295 0.191495 
-0.000285936 -0.00324483 0.000380879 -0.0127726 -0.0280861 0.0193981 0.0139783 0.00682283 
---------------------------------------
***************************************

# 0.005 0.019 0.0425 0.07 0.11 0.17 0.24 0.4 0.603 
-9.745e-01 2.756e-01
-1.384e+00 2.128e-01
-2.748e+00 2.454e-01
-3.305e+00 2.335e-01
-3.314e+00 1.777e-01
-3.389e+00 1.613e-01
-4.198e+00 1.693e-01
-4.465e+00 1.915e-01
***************************************
1 1742.72 -5765.76 -0.477075 -0.787195 -2.01186 -2.42397 -3.02578 -3.12328 -3.81962 -7.1967 -1.77739 -2.63603 -1.18639 0.169644 -1.95082 -3 -1 0.93 
2 703.495 260.143 -0.562632 -0.876692 -2.08897 -2.42624 -3.09051 -3.20339 -3.84929 -6.8967 -1.70995 -2.57618 -1.07364 0.201831 -1.83252 -3.09398 -0.93507 0.63 
3 219.711 395.156 -0.634043 -0.978354 -2.15735 -2.42711 -3.14804 -3.28706 -3.87475 -6.5967 -1.60178 -2.53029 -0.94032 0.229784 -1.69132 -3.20953 -0.872589 0.33 
4 96.1185 422.19 -0.696957 -1.09544 -2.21659 -2.4275 -3.19901 -3.36964 -3.89611 -6.2967 -1.45944 -2.47428 -0.785743 0.254819 -1.52261 -3.35704 -0.811854 0.03 
5 45.8699 435.342 -1.20897 -2.4806 -2.68945 -2.42836 -3.59858 -4.13919 -4.07076 -3.2967 0.267487 -1.68544 0.959749 0.480359 0.433234 -5.23623 -0.227423 3.03 
7 22.1415 443.512 -1.09335 -2.93828 -2.58303 -2.42648 -3.47444 -4.07895 -4.052 -2.9967 0.662892 -1.1366 1.26856 0.481243 0.823699 -5.87608 -0.198688 -2.67 
9 10.4738 449.286 -0.92379 -3.60585 -2.44096 -2.42504 -3.29645 -3.88936 -4.03329 -2.6967 0.924254 0.0606028 1.47102 0.482269 1.07527 -6.48103 -0.179181 3.03 
11 5.25292 453.735 -0.740042 -4.53372 -2.29206 -2.42392 -3.1078 -3.58217 -4.01482 -2.3967 0.993821 0.963495 1.53383 0.483638 1.12916 -6.81998 -0.168785 -0.94099 
13 13.0429 457.224 -0.591927 -4.91545 -2.1678 -2.42301 -2.95803 -3.26903 -3.99754 -2.75064 0.897954 1.2635 1.47845 0.484611 1.02073 -6.7337 -0.166631 0.383331 
15 29.4192 459.952 -0.500045 -5.21545 -2.08326 -2.42229 -2.86717 -3.0762 -3.98163 -3.63992 0.72611 1.5635 1.36237 0.485554 0.845693 -6.37566 -0.171342 0.236876 
17 60.4108 462.159 -0.454682 -1.26597 -2.0348 -2.42168 -2.82336 -3.00631 -3.9681 -3.90554 0.558667 1.8635 1.2383 0.486886 0.6798 -6.01724 -0.17901 0.211829 
19 42.58 464.071 -0.575784 0.609497 -2.13006 -2.42341 -2.97807 -3.21474 -3.95606 -4.34344 0.0535213 2.1635 0.728879 0.431305 0.136745 -5.31932 -0.335666 0.209919 
21 18.0161 465.051 -0.567147 0.72083 -2.12126 -2.4232 -2.96836 -3.20672 -3.95378 -4.34619 0.0467388 2.4635 0.728439 0.434412 0.132797 -5.29922 -0.330608 0.207043 
23 6.84512 466.187 -0.559561 0.080849 -2.11369 -2.423 -2.95989 -3.20013 -3.95161 -4.34648 0.0426119 2.7635 0.729003 0.437339 0.130408 -5.28456 -0.32598 0.204365 
25 2.7226 467.396 -0.553065 -0.259047 -2.10706 -2.4228 -2.95239 -3.19445 -3.9495 -4.34529 0.0419276 1.24569 0.730265 0.440182 0.129372 -5.27416 -0.321872 0.201759 
27 1.93486 468.523 -0.547314 -0.516788 -2.10119 -2.42261 -2.94564 -3.18936 -3.94745 -4.34297 0.0415504 0.72523 0.732134 0.442915 0.129426 -5.26682 -0.318227 0.199194 
29 1.47266 469.567 -0.542177 -0.651146 -2.09594 -2.42243 -2.93951 -3.18468 -3.94548 -4.33989 0.0414726 0.552034 0.734499 0.445549 0.130355 -5.26179 -0.315003 0.196661 
31 1.17713 470.547 -0.537542 -0.725277 -2.09118 -2.42225 -2.93387 -3.1803 -3.94356 -4.33631 0.0417978 0.476251 0.737266 0.448088 0.131964 -5.25852 -0.312156 0.194162 
33 0.972579 471.474 -0.533318 -0.768696 -2.08685 -2.42208 -2.92864 -3.17615 -3.94172 -4.33238 0.0424955 0.437487 0.740346 0.450536 0.134091 -5.25658 -0.30965 0.191696 
34 0.126913 487.406 -0.455032 -0.748943 -2.01179 -2.41832 -2.82817 -3.08208 -3.90328 -4.21221 0.114726 0.382098 0.867259 0.493671 0.237323 -5.31852 -0.277647 0.133761 
35 0.209823 458.175 -0.462491 -0.747712 -2.01753 -2.43407 -2.82145 -3.07817 -3.9189 -4.23901 0.0876671 0.366883 0.922237 0.553771 0.25155 -5.39217 -0.272573 0.0288498 
36 0.0916985 492.763 -0.466674 -0.748225 -2.02258 -2.42188 -2.83632 -3.08853 -3.86434 -4.2009 0.10115 0.370736 0.893345 0.535712 0.23655 -5.34345 -0.328842 0.120548 
37 0.033769 493.777 -0.466428 -0.748231 -2.02158 -2.42076 -2.83554 -3.08727 -3.87542 -4.19647 0.0966604 0.373057 0.890488 0.530739 0.236411 -5.34261 -0.31265 0.103664 
38 0.0147176 493.816 -0.466369 -0.748227 -2.02104 -2.42003 -2.83544 -3.08712 -3.87986 -4.19344 0.0952405 0.374212 0.888705 0.526542 0.235639 -5.34115 -0.305809 0.096305 
39 0.00689816 493.829 -0.466368 -0.748221 -2.02077 -2.41954 -2.83551 -3.08727 -3.88193 -4.1913 0.0947355 0.37487 0.887462 0.523577 0.234752 -5.33996 -0.302776 0.0928559 
40 0.00400413 493.836 -0.466383 -0.748215 -2.02064 -2.4192 -2.8356 -3.08747 -3.88306 -4.18979 0.0945206 0.375278 0.886593 0.521575 0.233908 -5.33911 -0.301294 0.0911097 
41 0.00268127 493.841 -0.466398 -0.74821 -2.02057 -2.41897 -2.83567 -3.08766 -3.88374 -4.18872 0.0944099 0.375544 0.885997 0.520235 0.23316 -5.33853 -0.300489 0.0901536 
42 0.00179979 493.844 -0.466411 -0.748205 -2.02054 -2.41881 -2.83572 -3.08782 -3.88419 -4.18796 0.094344 0.375722 0.885595 0.519335 0.232524 -5.33815 -0.300011 0.089592 
43 0.00121409 493.846 -0.46642 -0.748202 -2.02052 -2.4187 -2.83575 -3.08794 -3.88448 -4.18743 0.0943016 0.375843 0.885327 0.518728 0.231996 -5.33789 -0.299708 0.0892431 
44 0.000860575 493.847 -0.466428 -0.748199 -2.02052 -2.41863 -2.83576 -3.08804 -3.88469 -4.18705 0.0942732 0.375926 0.88515 0.518316 0.231565 -5.33772 -0.299508 0.0890172 
---------------------------------------
-0.466428 -0.748199 -2.02052 -2.41863 -2.83576 -3.08804 -3.88469 -4.18705 0.0942732 0.375926 0.88515 0.518316 0.231565 -5.33772 -0.299508 0.0890172 
0.00838719 0.00468394 0.0387616 0.0160683 0.0560078 0.0835808 0.144471 0.234446 0.111669 0.0733266 0.218351 0.132708 0.226106 0.27913 0.386538 0.433362 
-0.203371 0.261386 0.0298015 0.58513 0.000967425 -0.0238069 -0.0145425 0.0141211 -0.0040981 0.0305892 -0.00906679 -0.0471137 -0.0171456 0.00442039 0.00229844 -0.00200657 
---------------------------------------
***************************************

# 0.005 0.019 0.0425 0.07 0.11 0.17 0.24 0.4 0.603 
-4.664e-01 8.387e-03
-7.482e-01 4.684e-03
-2.021e+00 3.876e-02
-2.419e+00 1.607e-02
-2.836e+00 5.601e-02
-3.088e+00 8.358e-02
-3.885e+00 1.445e-01
-4.187e+00 2.344e-01
9.427e-02 1.117e-01
3.759e-01 7.333e-02
8.851e-01 2.184e-01
5.183e-01 1.327e-01
2.316e-01 2.261e-01
9.455e-01 2.791e-01
-2.995e-01 3.865e-01
8.902e-02 4.334e-01
***************************************
***************************************

# 0.005 0.019 0.0425 0.07 0.11 0.17 0.24 0.4 0.603 
6.533e-02 2.816e-01
-9.694e-02 2.103e-01
-1.175e+00 2.185e-01
-1.525e+00 1.729e-01
-2.166e+00 1.536e-01
-2.492e+00 1.538e-01
-3.258e+00 1.803e-01
-9.328e+00 7.607e+01
-9.745e-01 2.756e-01
-1.384e+00 2.128e-01
-2.748e+00 2.454e-01
-3.305e+00 2.335e-01
-3.314e+00 1.777e-01
-3.389e+00 1.613e-01
-4.198e+00 1.693e-01
-4.465e+00 1.915e-01
-4.664e-01 8.387e-03
-7.482e-01 4.684e-03
-2.021e+00 3.876e-02
-2.419e+00 1.607e-02
-2.836e+00 5.601e-02
-3.088e+00 8.358e-02
-3.885e+00 1.445e-01
-4.187e+00 2.344e-01
9.427e-02 1.117e-01
3.759e-01 7.333e-02
8.851e-01 2.184e-01
5.183e-01 1.327e-01
2.316e-01 2.261e-01
9.455e-01 2.791e-01
-2.995e-01 3.865e-01
8.902e-02 4.334e-01
***************************************
