1 0.434611 -491.51 0.59964 0.590447 0.569742 0.0600576 -0.0130874 -0.133907 -0.0744009 0.765389 
2 0.434663 -408.447 0.299638 0.220195 0.147297 -0.362399 -0.443438 -0.566426 -0.508462 0.330726 
3 0.434836 -328.241 0.161457 -0.0589404 -0.254948 -0.766055 -0.866736 -0.995477 -0.94184 -0.104109 
4 0.435199 -252.512 0.126512 -0.177032 -0.610092 -1.12575 -1.27204 -1.4162 -1.37407 -0.539308 
5 0.435642 -182.624 0.0980863 -0.158407 -0.885032 -1.39352 -1.63408 -1.81532 -1.80393 -0.974951 
6 0.435981 -120.771 0.0861192 -0.125087 -1.06156 -1.5208 -1.90918 -2.15751 -2.2274 -1.41093 
7 0.435652 -69.9686 0.0798813 -0.108422 -1.14061 -1.54165 -2.06167 -2.38051 -2.6311 -1.84658 
8 0.4362 -31.5681 0.074921 -0.102477 -1.16209 -1.53848 -2.1216 -2.45906 -2.9752 -2.28278 
9 0.440782 -4.59566 0.070836 -0.100136 -1.16698 -1.53802 -2.14419 -2.47657 -3.18347 -2.72357 
10 0.449792 13.4885 0.0679699 -0.0990229 -1.17022 -1.53795 -2.15339 -2.48548 -3.23625 -3.17336 
11 0.466438 24.952 0.0664442 -0.0983808 -1.17255 -1.53545 -2.1578 -2.48827 -3.24357 -3.6398 
12 0.525645 30.7833 0.0657617 -0.097803 -1.17374 -1.53166 -2.16103 -2.48922 -3.24754 -4.16544 
13 0.782952 32.9614 0.065477 -0.0973134 -1.17437 -1.5282 -2.16356 -2.48991 -3.247 -4.94839 
14 2.75971 33.6039 0.0654452 -0.0971805 -1.17451 -1.52711 -2.1643 -2.4901 -3.24638 -6.32825 
15 57.466 33.7075 0.065424 -0.0970835 -1.17461 -1.52629 -2.16485 -2.49023 -3.2459 -9.32825 
16 0.01254 33.7117 0.0654031 -0.0970511 -1.1747 -1.52588 -2.16546 -2.49098 -3.25217 -9.32825 
17 0.00626569 33.7136 0.0653712 -0.0970086 -1.17477 -1.52567 -2.16585 -2.49144 -3.2553 -9.32825 
18 0.00310111 33.714 0.0653492 -0.0969757 -1.17483 -1.52556 -2.16607 -2.4917 -3.25685 -9.32825 
19 0.0015287 33.7141 0.0653367 -0.0969539 -1.17486 -1.5255 -2.16621 -2.49185 -3.25762 -9.32825 
20 0.000752654 33.7142 0.0653303 -0.0969406 -1.17489 -1.52547 -2.16629 -2.49193 -3.25799 -9.32825 
---------------------------------------
0.0653303 -0.0969406 -1.17489 -1.52547 -2.16629 -2.49193 -3.25799 -9.32825 
0.281565 0.210257 0.218489 0.17294 0.153595 0.153835 0.180313 76.0678 
-0.000147453 0.000528689 -0.000861221 0.00189264 -0.00704766 -0.00804058 -0.0230055 -9.92274e-06 
---------------------------------------
***************************************

# 0.005 0.019 0.0425 0.07 0.11 0.17 0.24 0.4 0.603 
6.533e-02 2.816e-01
-9.694e-02 2.103e-01
-1.175e+00 2.185e-01
-1.525e+00 1.729e-01
-2.166e+00 1.536e-01
-2.492e+00 1.538e-01
-3.258e+00 1.803e-01
-9.328e+00 7.607e+01
***************************************
1 2.66557 -178.831 2.06557 0.750719 -0.821208 1.94711 -1.16247 -1.87359 -1.42976 -3.59562 
2 0.63501 -114.994 1.60485 0.388481 -1.00283 1.51169 -1.55343 -2.19934 -1.85799 -4.23063 
3 1.28863 -55.9304 1.14661 0.119926 -1.06381 1.07615 -1.87852 -2.40476 -2.27467 -5.51926 
4 16.2694 -11.6822 0.704286 -0.0105157 -1.0861 0.642993 -2.07431 -2.48164 -2.66219 -8.51926 
5 15127.2 17.8196 0.329153 -0.0421473 -1.10454 0.213752 -2.12071 -2.50999 -2.98596 -11.5193 
6 0.427056 35.5615 0.133672 -0.0548209 -1.11746 -0.213304 -2.11441 -2.53501 -3.2131 -11.5193 
7 0.415962 45.8207 0.129138 -0.0644844 -1.12956 -0.629266 -2.11005 -2.54812 -3.30705 -11.5193 
8 0.374382 52.9959 0.126078 -0.0650927 -1.14563 -1.00365 -2.10778 -2.55337 -3.32632 -11.5193 
9 0.284392 57.9427 0.125284 -0.0685551 -1.16156 -1.28804 -2.10082 -2.55472 -3.33125 -11.5193 
10 0.155154 60.3227 0.123774 -0.0724501 -1.17052 -1.44319 -2.08857 -2.55486 -3.33465 -11.5193 
11 0.0479913 60.8965 0.123323 -0.0738105 -1.17197 -1.46719 -2.0837 -2.55466 -3.33567 -11.5193 
12 0.0285219 60.9293 0.122997 -0.0746945 -1.17284 -1.48145 -2.0804 -2.55448 -3.33634 -11.5193 
13 0.0165372 60.9407 0.122778 -0.0752579 -1.17335 -1.48972 -2.07821 -2.55435 -3.33677 -11.5193 
14 0.00945659 60.9444 0.122636 -0.075609 -1.17364 -1.49445 -2.07678 -2.55425 -3.33703 -11.5193 
15 0.0053711 60.9456 0.122548 -0.0758234 -1.17381 -1.49713 -2.07588 -2.55419 -3.3372 -11.5193 
16 0.00304282 60.946 0.122494 -0.075952 -1.17391 -1.49865 -2.07532 -2.55414 -3.3373 -11.5193 
17 0.00172338 60.9461 0.122461 -0.0760282 -1.17396 -1.49952 -2.07498 -2.55411 -3.33735 -11.5193 
18 0.000977005 60.9461 0.122442 -0.0760729 -1.17399 -1.5 -2.07477 -2.5541 -3.33739 -11.5193 
---------------------------------------
0.122442 -0.0760729 -1.17399 -1.5 -2.07477 -2.5541 -3.33739 -11.5193 
0.266624 0.219981 0.251306 0.144598 0.157596 0.153559 0.105166 9494.51 
-0.000629044 -0.00222053 -0.00250669 -0.032632 0.0180053 0.00191183 -0.00209749 -1.69046e-07 
---------------------------------------
***************************************

# 0.005 0.019 0.0425 0.07 0.11 0.17 0.24 0.4 0.603 
1.224e-01 2.666e-01
-7.607e-02 2.200e-01
-1.174e+00 2.513e-01
-1.500e+00 1.446e-01
-2.075e+00 1.576e-01
-2.554e+00 1.536e-01
-3.337e+00 1.052e-01
-1.152e+01 9.495e+03
***************************************
1 6.99862e+06 -7778.59 0.0586384 -0.161904 -1.19513 -1.51549 -2.19019 -2.82301 -3.3198 -10.7238 -1.78709 -2.59148 -1.24988 0.0444971 -1.88969 -2.58083 -1 0.63 
2 1.35096 -38.4604 -0.0149127 -0.243797 -1.23598 -1.51508 -2.24512 -2.94513 -3.31582 -10.7238 -1.69459 -2.49503 -1.13118 0.0406139 -1.78117 -2.44655 -0.864904 0.63 
3 2.07639 69.9504 -0.0758476 -0.33547 -1.26692 -1.51468 -2.29692 -3.08424 -3.30707 -10.7238 -1.57033 -2.39543 -1.0112 0.0377786 -1.65388 -2.23891 -0.738967 0.63 
4 3.40974 102.533 -0.12613 -0.435437 -1.28942 -1.51432 -2.34253 -3.23231 -3.29381 -10.7238 -1.4195 -2.26579 -0.891478 0.0352017 -1.50713 -1.93891 -0.628843 0.63 
5 5.57594 120.452 -0.493847 -1.49881 -1.4354 -1.51096 -2.70338 -4.46967 -3.13661 -10.7238 0.285839 -0.473039 0.272542 0.0114556 0.133202 1.06109 0.301021 0.63 
7 7.82695 132.051 -0.368017 -1.60032 -1.37945 -1.51092 -2.61257 -3.87187 -3.1137 -10.7238 0.542697 0.468301 0.32283 0.0110526 0.404736 1.36109 0.233133 0.63 
9 8.51126 140.536 -0.222467 -1.50405 -1.32878 -1.51088 -2.49209 -2.80691 -3.10192 -10.7238 0.665008 1.16897 0.34065 0.0108538 0.581655 1.66109 0.171016 0.63 
11 6.48283 147.462 -0.0898291 -1.10513 -1.28651 -1.51084 -2.36603 -1.97492 -3.09742 -10.7238 0.65152 1.46897 0.335077 0.0108743 0.641447 1.96109 0.119394 0.63 
13 4.65006 153.861 0.00754633 -0.51576 -1.25352 -1.51079 -2.25925 -1.78631 -3.09733 -10.7238 0.550885 1.76897 0.315769 0.0110415 0.602894 2.26109 0.0788739 0.63 
15 3.74574 160.253 0.0670432 -0.00289879 -1.22905 -1.51075 -2.18407 -1.89615 -3.09983 -10.7238 0.424745 2.06897 0.290258 0.0112921 0.511459 1.13531 0.0479933 0.63 
17 2.33858 166.301 0.0982672 0.241697 -1.21152 -1.5107 -2.13849 -2.09677 -3.10365 -10.7238 0.311686 1.70755 0.26356 0.0116841 0.407303 0.462319 0.0234976 0.63 
19 1.25858 171.896 0.112301 0.234604 -1.19927 -1.51066 -2.11412 -2.22738 -3.10811 -10.7238 0.222045 0.861412 0.23878 0.0122257 0.313772 0.221867 0.00383735 0.63 
21 0.735945 177.029 0.117236 0.148649 -1.19081 -1.51061 -2.10265 -2.30601 -3.11282 -10.7238 0.152581 0.464631 0.217259 0.0128327 0.23865 0.115197 -0.0119006 0.63 
23 0.513272 181.795 0.117584 0.0798312 -1.18503 -1.51057 -2.09826 -2.35563 -3.11752 -10.7238 0.100638 0.277653 0.199219 0.0135044 0.181371 0.0602508 -0.0244932 0.63 
25 0.415781 186.267 0.115873 0.0322683 -1.1811 -1.51053 -2.09748 -2.38851 -3.12205 -10.7238 0.062249 0.180395 0.184422 0.0142338 0.138652 0.0290052 -0.0345477 0.63 
27 0.34255 190.493 0.113404 -0.000301198 -1.17842 -1.51049 -2.09839 -2.41122 -3.12628 -10.7238 0.0338448 0.125218 0.172443 0.0150115 0.106999 0.00996468 -0.0425184 0.63 
29 0.284807 194.508 0.110804 -0.0229528 -1.17659 -1.51045 -2.09999 -2.42749 -3.13015 -10.7238 0.0126719 0.0917605 0.162815 0.015828 0.0835111 -0.00224828 -0.0487391 0.63 
31 0.239258 198.338 0.108358 -0.0390107 -1.17535 -1.51042 -2.10178 -2.43956 -3.1336 -10.7238 -0.00327624 0.0704131 0.155103 0.0166743 0.0659796 -0.0104067 -0.0534546 0.63 
33 0.203744 201.999 0.106174 -0.0505996 -1.1745 -1.5104 -2.10352 -2.44883 -3.13666 -10.7238 -0.0154315 0.0562383 0.14893 0.0175423 0.0527873 -0.0160535 -0.0568441 0.63 
35 0.174874 205.505 0.104278 -0.0590947 -1.17391 -1.51037 -2.10511 -2.4562 -3.13933 -10.7238 -0.0248107 0.046518 0.143985 0.0184256 0.0427643 -0.0201037 -0.0590361 0.63 
37 0.151076 208.863 0.102655 -0.0654059 -1.17352 -1.51035 -2.10653 -2.4623 -3.14169 -10.7238 -0.0321381 0.0396696 0.140015 0.0193187 0.0350663 -0.0231318 -0.0601166 0.63 
39 0.131225 212.077 0.101279 -0.0701489 -1.17324 -1.51033 -2.10777 -2.46756 -3.14379 -10.7238 -0.0379325 0.0347287 0.136821 0.0202183 0.0290819 -0.0255186 -0.0601345 0.63 
41 0.114503 215.147 0.100115 -0.0737488 -1.17306 -1.51031 -2.10885 -2.47229 -3.14569 -10.7238 -0.0425691 0.0310848 0.134247 0.0211225 0.0243646 -0.0275296 -0.0591059 0.63 
43 0.100297 218.073 0.0991334 -0.0765046 -1.17294 -1.5103 -2.1098 -2.47668 -3.14745 -10.7238 -0.046321 0.0283392 0.132172 0.022032 0.0205871 -0.0293573 -0.0570229 0.63 
45 0.0881412 220.849 0.0983045 -0.0786304 -1.17286 -1.51028 -2.11063 -2.48085 -3.14909 -10.7238 -0.0493889 0.026225 0.130506 0.0229501 0.0175081 -0.0311415 -0.0538678 0.63 
47 0.077676 223.471 0.0976036 -0.0802814 -1.17281 -1.51027 -2.11137 -2.48485 -3.15061 -10.7238 -0.0519206 0.0245613 0.12918 0.023884 0.0149521 -0.0329757 -0.0496367 0.63 
49 0.068618 225.937 0.0970094 -0.0815718 -1.17278 -1.51025 -2.11204 -2.48861 -3.15201 -10.7238 -0.0540258 0.0232252 0.128142 0.0248437 0.0127949 -0.0349035 -0.0443696 0.63 
51 0.0607417 228.247 0.0965041 -0.0825863 -1.17277 -1.51024 -2.11265 -2.49204 -3.15327 -10.7238 -0.0557861 0.022135 0.127349 0.0258412 0.0109555 -0.036912 -0.0381803 0.63 
53 0.0538655 230.408 0.096073 -0.0833884 -1.17277 -1.51023 -2.11319 -2.49503 -3.15437 -10.7238 -0.0572632 0.0212381 0.126761 0.0268866 0.00938642 -0.0389335 -0.03127 0.63 
55 0.0509539 232.43 0.095704 -0.0840257 -1.17278 -1.51022 -2.11367 -2.4975 -3.15533 -10.7238 -0.0585053 0.0205008 0.126335 0.0279842 0.00806379 -0.0408633 -0.0239102 0.63 
57 0.0533725 234.33 0.083739 -0.105809 -1.18141 -1.51042 -2.12769 -2.50902 -3.15398 -10.7238 -0.0708275 0.0114952 0.105661 0.0256948 -0.010793 -0.0434661 -0.0430824 0.63 
58 0.0881081 244.653 0.094105 -0.0861837 -1.173 -1.51024 -2.11775 -2.51076 -3.15922 -10.7238 -0.0633121 0.0170851 0.127028 0.0378117 0.00144042 -0.0658271 0.0450257 0.63 
60 0.0751661 246.128 0.0893872 -0.0950635 -1.17682 -1.51034 -2.12176 -2.50863 -3.15704 -10.7238 -0.0668898 0.0147785 0.116853 0.0326668 -0.00331189 -0.0522187 0.00331148 0.63 
61 0.0348041 253.675 0.0935458 -0.0866273 -1.17331 -1.51041 -2.11544 -2.5022 -3.16026 -10.7238 -0.0646792 0.0181885 0.123333 0.0432149 0.00699397 -0.0445732 0.0381156 0.63 
62 0.157392 262.471 0.0932988 -0.0869478 -1.17319 -1.50992 -2.12374 -2.5171 -3.1594 -10.7238 -0.0540491 0.022898 0.132561 0.0632562 0.0123005 -0.11213 0.195507 0.63 
63 0.196665 262.616 0.0932353 -0.086843 -1.17314 -1.51022 -2.11823 -2.50226 -3.15856 -10.7238 -0.058239 0.0242451 0.126482 0.057775 0.0198431 -0.0584575 0.0971746 0.63 
64 2.74246e+06 259.983 0.0933637 -0.0870816 -1.17316 -1.50981 -2.1235 -2.50737 -3.15972 -7.72375 -0.0595524 0.0153588 0.13651 0.0648822 0.0173836 -0.0925512 0.154548 3.63 
65 3554.64 264.479 0.093178 -0.0867713 -1.17315 -1.51045 -2.11346 -2.49549 -3.16788 -10.7238 -0.0605431 0.0257481 0.122059 0.0554515 0.0222463 -0.0170514 0.0243858 6.63 
67 8367.13 265.099 0.0932652 -0.0869155 -1.17315 -1.51013 -2.11831 -2.50139 -3.16432 -11.0238 -0.0602244 0.020667 0.128628 0.0596734 0.0197716 -0.053232 0.0863223 6.93 
68 0.00880102 266.537 0.0932423 -0.0868619 -1.17311 -1.5101 -2.11765 -2.50244 -3.16337 -11.0238 -0.0605954 0.0213265 0.127012 0.058956 0.0185922 -0.0488315 0.087615 6.93 
69 0.0048621 266.659 0.0932315 -0.0868353 -1.17308 -1.51006 -2.11747 -2.50325 -3.16279 -11.0238 -0.0606326 0.0216502 0.12584 0.0587356 0.0190271 -0.0464005 0.0886524 6.93 
70 0.00344303 266.718 0.0932261 -0.0868216 -1.17305 -1.51002 -2.11743 -2.50375 -3.1624 -11.0238 -0.0606011 0.0218193 0.124934 0.0586405 0.0200578 -0.044679 0.0883063 6.93 
71 0.00212499 266.759 0.093224 -0.0868159 -1.17303 -1.50997 -2.11754 -2.50421 -3.16212 -11.0238 -0.060573 0.0218311 0.124386 0.0586889 0.0211203 -0.044103 0.0889335 6.93 
72 0.00204878 266.801 0.0932229 -0.0868135 -1.17301 -1.50993 -2.11767 -2.5045 -3.16192 -11.0238 -0.0605582 0.0217908 0.124 0.0587377 0.0221447 -0.0436752 0.0888762 6.93 
73 0.00230705 266.852 0.0932231 -0.0868146 -1.17299 -1.50988 -2.11789 -2.50484 -3.16176 -11.0238 -0.0605648 0.0216492 0.123874 0.0588681 0.0230153 -0.0440215 0.0900297 6.93 
74 0.00156135 266.918 0.0932232 -0.0868165 -1.17297 -1.50983 -2.11808 -2.50504 -3.16164 -11.0238 -0.0605797 0.0215056 0.12382 0.0589718 0.023796 -0.0442231 0.0905816 6.93 
75 0.00359836 267.007 0.0932246 -0.0868211 -1.17295 -1.50979 -2.11835 -2.50533 -3.16153 -11.0238 -0.0606233 0.0212672 0.123953 0.0591252 0.0244442 -0.0450824 0.0923808 6.93 
76 0.00183919 267.125 0.0932253 -0.0868248 -1.17294 -1.50975 -2.11855 -2.50548 -3.16147 -11.0238 -0.0606624 0.0210777 0.124064 0.0592255 0.025001 -0.0455259 0.0933004 6.93 
77 0.00420282 267.281 0.093228 -0.0868319 -1.17293 -1.50972 -2.11882 -2.50571 -3.16138 -11.0238 -0.060752 0.0207645 0.124292 0.0593478 0.0254421 -0.0466361 0.0954018 6.93 
78 0.000871082 267.478 0.0932279 -0.0868344 -1.17293 -1.5097 -2.11894 -2.50576 -3.16136 -11.0238 -0.0607779 0.0206444 0.124381 0.0593951 0.0257625 -0.0468074 0.0958373 6.93 
---------------------------------------
0.0932279 -0.0868344 -1.17293 -1.5097 -2.11894 -2.50576 -3.16136 -11.0238 -0.0607779 0.0206444 0.124381 0.0593951 0.0257625 -0.0468074 0.0958373 6.93 
0.00051687 0.000424227 0.000711016 0.000737438 0.00854376 0.00946546 0.0096126 2718.18 0.0274885 0.0216443 0.0295666 0.0305877 0.0839308 0.0923223 0.105953 6989.73 
10.2772 654.996 7677.37 9377.98 219.956 289.483 467.677 2.09637e-06 -0.0796515 1.83834 -7.11808 11.2567 1.27109 -0.0228201 -3.30351 -4.05739e-07 
---------------------------------------
***************************************

# 0.005 0.019 0.0425 0.07 0.11 0.17 0.24 0.4 0.603 
9.323e-02 5.169e-04
-8.683e-02 4.242e-04
-1.173e+00 7.110e-04
-1.510e+00 7.374e-04
-2.119e+00 8.544e-03
-2.506e+00 9.465e-03
-3.161e+00 9.613e-03
-1.102e+01 2.718e+03
-6.078e-02 2.749e-02
2.064e-02 2.164e-02
1.244e-01 2.957e-02
5.940e-02 3.059e-02
2.576e-02 8.393e-02
-4.681e-02 9.232e-02
9.584e-02 1.060e-01
6.468e-01 6.990e+03
***************************************
***************************************

# 0.005 0.019 0.0425 0.07 0.11 0.17 0.24 0.4 0.603 
6.533e-02 2.816e-01
-9.694e-02 2.103e-01
-1.175e+00 2.185e-01
-1.525e+00 1.729e-01
-2.166e+00 1.536e-01
-2.492e+00 1.538e-01
-3.258e+00 1.803e-01
-9.328e+00 7.607e+01
1.224e-01 2.666e-01
-7.607e-02 2.200e-01
-1.174e+00 2.513e-01
-1.500e+00 1.446e-01
-2.075e+00 1.576e-01
-2.554e+00 1.536e-01
-3.337e+00 1.052e-01
-1.152e+01 9.495e+03
9.323e-02 5.169e-04
-8.683e-02 4.242e-04
-1.173e+00 7.110e-04
-1.510e+00 7.374e-04
-2.119e+00 8.544e-03
-2.506e+00 9.465e-03
-3.161e+00 9.613e-03
-1.102e+01 2.718e+03
-6.078e-02 2.749e-02
2.064e-02 2.164e-02
1.244e-01 2.957e-02
5.940e-02 3.059e-02
2.576e-02 8.393e-02
-4.681e-02 9.232e-02
9.584e-02 1.060e-01
6.468e-01 6.990e+03
***************************************
