1 0.434611 -491.51 0.59964 0.590447 0.569742 0.0600576 -0.0130874 -0.133907 -0.0744009 0.765389 
2 0.434663 -408.447 0.299638 0.220195 0.147297 -0.362399 -0.443438 -0.566426 -0.508462 0.330726 
3 0.434836 -328.241 0.161457 -0.0589404 -0.254948 -0.766055 -0.866736 -0.995477 -0.94184 -0.104109 
4 0.435199 -252.512 0.126512 -0.177032 -0.610092 -1.12575 -1.27204 -1.4162 -1.37407 -0.539308 
5 0.435642 -182.624 0.0980863 -0.158407 -0.885032 -1.39352 -1.63408 -1.81532 -1.80393 -0.974951 
6 0.435981 -120.771 0.0861192 -0.125087 -1.06156 -1.5208 -1.90918 -2.15751 -2.2274 -1.41093 
7 0.435652 -69.9686 0.0798813 -0.108422 -1.14061 -1.54165 -2.06167 -2.38051 -2.6311 -1.84658 
8 0.4362 -31.5681 0.074921 -0.102477 -1.16209 -1.53848 -2.1216 -2.45906 -2.9752 -2.28278 
9 0.440782 -4.59566 0.070836 -0.100136 -1.16698 -1.53802 -2.14419 -2.47657 -3.18347 -2.72357 
10 0.449792 13.4885 0.0679699 -0.0990229 -1.17022 -1.53795 -2.15339 -2.48548 -3.23625 -3.17336 
11 0.466438 24.952 0.0664442 -0.0983808 -1.17255 -1.53545 -2.1578 -2.48827 -3.24357 -3.6398 
12 0.525645 30.7833 0.0657617 -0.097803 -1.17374 -1.53166 -2.16103 -2.48922 -3.24754 -4.16544 
13 0.782952 32.9614 0.065477 -0.0973134 -1.17437 -1.5282 -2.16356 -2.48991 -3.247 -4.94839 
14 2.75971 33.6039 0.0654452 -0.0971805 -1.17451 -1.52711 -2.1643 -2.4901 -3.24638 -6.32825 
15 57.466 33.7075 0.065424 -0.0970835 -1.17461 -1.52629 -2.16485 -2.49023 -3.2459 -9.32825 
16 0.01254 33.7117 0.0654031 -0.0970511 -1.1747 -1.52588 -2.16546 -2.49098 -3.25217 -9.32825 
17 0.00626569 33.7136 0.0653712 -0.0970086 -1.17477 -1.52567 -2.16585 -2.49144 -3.2553 -9.32825 
18 0.00310111 33.714 0.0653492 -0.0969757 -1.17483 -1.52556 -2.16607 -2.4917 -3.25685 -9.32825 
19 0.0015287 33.7141 0.0653367 -0.0969539 -1.17486 -1.5255 -2.16621 -2.49185 -3.25762 -9.32825 
20 0.000752654 33.7142 0.0653303 -0.0969406 -1.17489 -1.52547 -2.16629 -2.49193 -3.25799 -9.32825 
---------------------------------------
0.0653303 -0.0969406 -1.17489 -1.52547 -2.16629 -2.49193 -3.25799 -9.32825 
0.281565 0.210257 0.218489 0.17294 0.153595 0.153835 0.180313 76.0678 
-0.000147453 0.000528689 -0.000861221 0.00189264 -0.00704766 -0.00804058 -0.0230055 -9.92274e-06 
---------------------------------------
***************************************

# 0.005 0.019 0.0425 0.07 0.11 0.17 0.24 0.4 0.603 
6.533e-02 2.816e-01
-9.694e-02 2.103e-01
-1.175e+00 2.185e-01
-1.525e+00 1.729e-01
-2.166e+00 1.536e-01
-2.492e+00 1.538e-01
-3.258e+00 1.803e-01
-9.328e+00 7.607e+01
***************************************
1 3.63372 -229.17 2.4 1.79421 -0.444269 1.93852 -1.14853 -1.79946 -1.42273 -3.55103 
2 0.461627 -173.388 1.93837 1.36606 -0.671896 1.50263 -1.49672 -2.05172 -1.83811 -3.96579 
3 0.458144 -124.06 1.48023 0.953473 -0.765779 1.0648 -1.73492 -2.16433 -2.22225 -4.34691 
4 0.445751 -88.7148 1.03448 0.585697 -0.795696 0.625006 -1.82675 -2.19634 -2.53212 -4.675 
5 0.438126 -66.0628 0.628383 0.315969 -0.818598 0.18688 -1.84338 -2.21548 -2.70762 -4.93874 
6 0.426678 -52.2668 0.33308 0.185364 -0.837767 -0.239797 -1.85274 -2.22574 -2.75228 -5.1353 
7 0.392378 -43.476 0.238995 0.1473 -0.85535 -0.632175 -1.85733 -2.22931 -2.75551 -5.13546 
8 0.315642 -37.7821 0.247021 0.137928 -0.874246 -0.947818 -1.85425 -2.23219 -2.75663 -4.97582 
9 0.193597 -34.6798 0.241286 0.136332 -0.888564 -1.14141 -1.84301 -2.23492 -2.75756 -4.85832 
10 0.0771173 -33.7377 0.241194 0.133805 -0.896248 -1.21323 -1.83155 -2.23628 -2.75815 -4.7812 
11 0.0265793 -33.6264 0.240705 0.133427 -0.8974 -1.22011 -1.82901 -2.23639 -2.75821 -4.76791 
12 0.0158852 -33.6238 0.24047 0.1332 -0.898078 -1.22405 -1.82748 -2.23644 -2.75823 -4.75997 
13 0.00954443 -33.6229 0.240349 0.133066 -0.898475 -1.22629 -1.82655 -2.23646 -2.75823 -4.7552 
14 0.00572607 -33.6227 0.240286 0.132989 -0.898705 -1.22756 -1.826 -2.23646 -2.75823 -4.75233 
15 0.00342102 -33.6226 0.240251 0.132945 -0.898838 -1.22829 -1.82567 -2.23646 -2.75823 -4.75062 
16 0.0020338 -33.6226 0.240232 0.13292 -0.898915 -1.2287 -1.82548 -2.23646 -2.75822 -4.7496 
17 0.00120322 -33.6226 0.240222 0.132906 -0.898959 -1.22893 -1.82537 -2.23646 -2.75822 -4.749 
18 0.000708689 -33.6226 0.240216 0.132898 -0.898984 -1.22906 -1.8253 -2.23646 -2.75822 -4.74865 
---------------------------------------
0.240216 0.132898 -0.898984 -1.22906 -1.8253 -2.23646 -2.75822 -4.74865 
0.283837 0.210358 0.218366 0.172928 0.151448 0.156883 0.143807 3.93092 
-0.000177213 -0.000448454 -0.0013757 -0.0087758 0.00552369 0.00026999 0.00036028 4.77655e-05 
---------------------------------------
***************************************

# 0.005 0.019 0.0425 0.07 0.11 0.17 0.24 0.4 0.603 
2.402e-01 2.838e-01
1.329e-01 2.104e-01
-8.990e-01 2.184e-01
-1.229e+00 1.729e-01
-1.825e+00 1.514e-01
-2.236e+00 1.569e-01
-2.758e+00 1.438e-01
-4.749e+00 3.931e+00
***************************************
1 3070.57 -6622.97 0.116176 -0.0542461 -1.05925 -1.37507 -2.07618 -2.6642 -3.04934 -7.33845 -1.80212 -2.58667 -1.23482 0.00839243 -1.88849 -2.49135 -1.02136 0.93 
2 2417.31 -103.693 0.0387648 -0.132852 -1.08953 -1.37483 -2.13099 -2.77133 -3.04128 -7.03845 -1.71453 -2.49038 -1.1225 0.00308091 -1.77366 -2.31235 -0.927069 0.63 
3 1107.16 -11.5307 -0.0270684 -0.219975 -1.11154 -1.37458 -2.18127 -2.87849 -3.03097 -6.73845 -1.59307 -2.38737 -1.01411 -0.00123349 -1.63998 -2.06167 -0.842312 0.33 
4 564.092 17.6328 -0.0829283 -0.313875 -1.12662 -1.37434 -2.22397 -2.96705 -3.01919 -6.43845 -1.44158 -2.25385 -0.911022 -0.00506347 -1.48772 -1.76167 -0.768827 0.03 
5 282.797 33.6792 -0.507628 -1.29062 -1.21814 -1.37217 -2.54338 -3.38522 -2.89569 -3.43845 0.32038 -0.442265 0.0510325 -0.0397137 0.184589 1.23833 -0.142073 3.03 
7 134.848 44.3049 -0.376879 -1.3479 -1.17879 -1.37218 -2.44124 -2.80425 -2.88437 -3.13845 0.637754 0.422588 0.0649353 -0.040011 0.42292 1.53833 -0.176122 -2.67 
9 70.4775 52.4796 -0.212595 -1.21907 -1.14562 -1.37222 -2.31795 -2.27549 -2.87745 -2.83845 0.808031 1.17684 0.0635174 -0.0403426 0.558303 1.83833 -0.20627 -2.97 
11 34.3486 59.5292 -0.0547913 -0.826801 -1.119 -1.37228 -2.1985 -2.00939 -2.87361 -2.53845 0.810763 1.47684 0.0527609 -0.0407521 0.582801 1.57984 -0.231308 2.73 
13 17.3527 65.8686 0.062995 -0.315229 -1.0984 -1.37235 -2.10331 -1.99992 -2.87189 -2.23845 0.696102 1.77684 0.0372308 -0.041175 0.525278 0.69554 -0.25173 -2.97 
15 8.48665 71.6643 0.133552 0.0985562 -1.08286 -1.37243 -2.03923 -2.08478 -2.87144 -1.93845 0.543961 2.07684 0.0201431 -0.0416383 0.429747 0.275421 -0.268642 2.73 
17 4.05913 77.3736 0.168325 0.291514 -1.07131 -1.37252 -2.00121 -2.1544 -2.87194 -1.63845 0.407467 1.18273 0.00301868 -0.0417444 0.33085 0.0764096 -0.282956 -1.80536 
19 1.89241 83.0597 0.182376 0.262582 -1.06284 -1.37262 -1.98129 -2.20309 -2.87323 -2.44604 0.29793 0.608887 -0.0118114 -0.0420621 0.245715 -0.0263405 -0.294566 -0.353176 
21 1.09134 88.4395 0.185798 0.200801 -1.0566 -1.37273 -1.97191 -2.23638 -2.87488 -3.05787 0.215952 0.321827 -0.0246272 -0.0423069 0.178093 -0.0854393 -0.304251 -0.378333 
23 0.761909 93.3211 0.184409 0.150787 -1.05199 -1.37283 -1.96842 -2.25956 -2.87659 -3.27816 0.156199 0.17373 -0.0351645 -0.0426192 0.126788 -0.121469 -0.312115 -0.390079 
25 0.574142 97.8438 0.181159 0.114875 -1.04855 -1.37292 -1.96792 -2.27604 -2.8783 -3.38974 0.112868 0.0912316 -0.0436479 -0.042977 0.0885013 -0.144694 -0.318545 -0.400513 
27 0.451316 102.073 0.177441 0.0894964 -1.04596 -1.373 -1.96883 -2.28798 -2.87998 -3.45515 0.0812281 0.0419816 -0.050355 -0.0433698 0.0600354 -0.160333 -0.323818 -0.410533 
29 0.364355 106.052 0.173864 0.0714227 -1.04399 -1.37307 -1.97033 -2.2968 -2.88159 -3.49698 0.0578412 0.0108859 -0.0555719 -0.0437898 0.0387999 -0.171244 -0.328141 -0.420113 
31 0.299511 109.81 0.170661 0.0583788 -1.04246 -1.37313 -1.97199 -2.30344 -2.8831 -3.52539 0.040304 -0.00965211 -0.0595659 -0.0442301 0.0228414 -0.179085 -0.331674 -0.429066 
33 0.249352 113.37 0.16789 0.0488348 -1.04126 -1.37318 -1.97361 -2.30851 -2.8845 -3.5456 0.0269542 -0.0237252 -0.0625729 -0.0446838 0.0107307 -0.184863 -0.334539 -0.437164 
35 0.209468 116.748 0.165536 0.0417624 -1.04031 -1.37323 -1.9751 -2.31247 -2.88576 -3.56055 0.01664 -0.0336684 -0.0647935 -0.0451449 0.00143393 -0.189219 -0.336826 -0.444165 
37 0.177053 119.959 0.163554 0.0364619 -1.03956 -1.37327 -1.97643 -2.3156 -2.88688 -3.57201 0.00855702 -0.040879 -0.0663948 -0.045607 -0.00579524 -0.192574 -0.338608 -0.449824 
39 0.150218 123.014 0.161892 0.0324495 -1.03896 -1.37331 -1.97759 -2.31813 -2.88787 -3.58114 0.00213733 -0.0462266 -0.0675134 -0.0460644 -0.0114967 -0.195216 -0.339938 -0.453898 
41 0.127636 125.921 0.160499 0.0293854 -1.03847 -1.37334 -1.9786 -2.32022 -2.88873 -3.5887 -0.00302473 -0.0502714 -0.0682595 -0.046511 -0.0160626 -0.197348 -0.340859 -0.456155 
43 0.108336 128.688 0.159332 0.0270273 -1.03808 -1.37337 -1.97946 -2.32198 -2.88948 -3.59524 -0.00722251 -0.0533845 -0.0687212 -0.0469414 -0.0197792 -0.199117 -0.341407 -0.456381 
45 0.0926149 131.321 0.158352 0.0252 -1.03777 -1.37339 -1.98021 -2.32349 -2.89012 -3.60115 -0.0106708 -0.0558181 -0.0689681 -0.0473497 -0.0228564 -0.200634 -0.341611 -0.454381 
47 0.0789607 133.825 0.157526 0.0237754 -1.03752 -1.37342 -1.98086 -2.32482 -2.89068 -3.60674 -0.0135288 -0.0577477 -0.0690551 -0.0477305 -0.025448 -0.201983 -0.341498 -0.449988 
49 0.0651942 136.206 0.156828 0.0226585 -1.03732 -1.37343 -1.98141 -2.32601 -2.89118 -3.61223 -0.015916 -0.0592977 -0.0690246 -0.0480786 -0.027667 -0.203229 -0.341094 -0.443066 
51 0.0584435 138.468 0.156237 0.0217785 -1.03717 -1.37345 -1.98188 -2.32709 -2.89162 -3.61779 -0.0179235 -0.0605578 -0.0689097 -0.0483892 -0.0295961 -0.204422 -0.340423 -0.433515 
53 0.0527733 140.616 0.155735 0.021082 -1.03706 -1.37346 -1.98229 -2.32807 -2.89202 -3.62354 -0.0196213 -0.0615943 -0.0687355 -0.0486578 -0.0312951 -0.205598 -0.339513 -0.42128 
55 0.0477099 142.655 0.155306 0.0205285 -1.03698 -1.37346 -1.98263 -2.32899 -2.8924 -3.62955 -0.0210643 -0.0624564 -0.0685216 -0.0488809 -0.0328069 -0.206784 -0.338391 -0.406361 
57 0.0431775 144.589 0.142593 -0.000227427 -1.04403 -1.37339 -1.99634 -2.34326 -2.8943 -3.64652 -0.0310468 -0.0706168 -0.0898718 -0.0463487 -0.050653 -0.21044 -0.346972 -0.391699 
58 0.192241 155.45 0.153466 0.0186857 -1.037 -1.37342 -1.98406 -2.33436 -2.89474 -3.69049 -0.0273518 -0.0662005 -0.0661355 -0.0493917 -0.0404909 -0.219513 -0.32309 -0.199459 
60 0.200089 156.756 0.148514 0.0101296 -1.04017 -1.3734 -1.98958 -2.33845 -2.89466 -3.67295 -0.0292094 -0.068322 -0.0767557 -0.0479017 -0.0453288 -0.215749 -0.333452 -0.272431 
61 0.279109 164.329 0.152847 0.0182688 -1.03728 -1.37329 -1.98373 -2.3348 -2.89653 -3.71989 -0.0295416 -0.0679595 -0.0650008 -0.0476178 -0.0429602 -0.224128 -0.318265 0.00667804 
63 0.265202 165.307 0.150876 0.0145915 -1.03859 -1.37334 -1.9863 -2.33639 -2.89574 -3.69848 -0.0294896 -0.0682234 -0.0703266 -0.0476555 -0.0441711 -0.220158 -0.325276 -0.111919 
64 0.220911 170.94 0.152623 0.0181055 -1.03745 -1.37322 -1.98299 -2.33394 -2.89764 -3.71786 -0.030613 -0.0693713 -0.0649277 -0.0464227 -0.0442274 -0.221558 -0.320915 0.108992 
65 1.25895 177.982 0.15265 0.0177323 -1.03715 -1.37336 -1.98179 -2.33977 -2.89301 -3.72717 -0.0374138 -0.0720584 -0.0851405 -0.0529901 -0.0750877 -0.129173 -0.373988 -1.14995 
66 2.33545 168.87 0.152516 0.0180207 -1.03838 -1.37346 -1.98315 -2.33384 -2.89803 -4.47338 -0.0303608 -0.0705132 -0.062202 -0.0409086 -0.0395012 -0.215844 -0.323836 0.0177723 
67 2.72498 174.033 0.152557 0.0178232 -1.03767 -1.37297 -1.98082 -2.3319 -2.90545 -1.7484 -0.0318771 -0.0721778 -0.0669167 -0.0428185 -0.0502909 -0.171669 -0.35763 -0.173564 
69 1.23204 175.503 0.152535 0.017918 -1.03795 -1.37322 -1.98188 -2.33272 -2.902 -3.58486 -0.0311925 -0.0714269 -0.0646118 -0.0420213 -0.0453682 -0.192159 -0.34149 -0.0269541 
71 1.00222 175.987 0.152535 0.0179161 -1.03791 -1.37322 -1.98183 -2.33265 -2.90215 -3.63817 -0.031226 -0.0714577 -0.0646522 -0.042095 -0.0455689 -0.19142 -0.341838 -0.0200993 
73 0.836606 176.425 0.152534 0.0179144 -1.03789 -1.37322 -1.98178 -2.3326 -2.9023 -3.67087 -0.0312593 -0.0714875 -0.0646925 -0.0421642 -0.0457653 -0.190737 -0.342141 -0.0163862 
74 0.160499 179.871 0.152533 0.0179175 -1.03758 -1.37324 -1.98131 -2.33356 -2.89411 -3.74663 -0.0320269 -0.0726425 -0.06703 -0.04544 -0.0509377 -0.187715 -0.319521 -0.176885 
76 0.0604919 180.413 0.15253 0.0179235 -1.03775 -1.37321 -1.98149 -2.3329 -2.89932 -3.70869 -0.0314343 -0.0720529 -0.0648683 -0.0433134 -0.0475925 -0.192432 -0.330767 -0.0529323 
77 0.197478 181.442 0.152516 0.0179574 -1.03783 -1.37318 -1.9814 -2.33252 -2.89987 -3.71718 -0.0305389 -0.072044 -0.0620437 -0.0426191 -0.045713 -0.201144 -0.326342 0.0458067 
78 0.542879 181.102 0.152577 0.0178209 -1.03739 -1.37325 -1.98134 -2.33362 -2.89778 -3.72196 -0.0349668 -0.0729436 -0.0717347 -0.045235 -0.0523813 -0.172483 -0.338275 -0.225633 
79 1.99986 173.956 0.152379 0.0183572 -1.03878 -1.37305 -1.98143 -2.3305 -2.90168 -3.8362 -0.0208271 -0.0710506 -0.0428625 -0.0367263 -0.0299164 -0.268776 -0.309225 0.774297 
81 1.08131 180.051 0.152394 0.0182718 -1.0388 -1.37302 -1.9814 -2.3297 -2.90393 -3.78627 -0.0224036 -0.0707728 -0.041513 -0.0356642 -0.028146 -0.273122 -0.30229 0.95567 
83 0.259003 181.314 0.15252 0.0179515 -1.03776 -1.37318 -1.98131 -2.33243 -2.89991 -3.72973 -0.0310342 -0.0722312 -0.0628546 -0.0426068 -0.0456975 -0.200601 -0.327883 0.111992 
84 0.63304 180.927 0.15258 0.0178089 -1.03729 -1.37325 -1.98122 -2.33366 -2.89779 -3.73997 -0.0352489 -0.0730304 -0.0731902 -0.0456176 -0.0531458 -0.168054 -0.340923 -0.204528 
85 2.08387 175.66 0.152418 0.0182567 -1.03858 -1.37308 -1.98138 -2.33066 -2.90203 -3.8333 -0.0240123 -0.0714981 -0.0475543 -0.0371589 -0.0319512 -0.258997 -0.313201 0.837408 
87 1.20993 179.852 0.152405 0.0182461 -1.03875 -1.37303 -1.98137 -2.32956 -2.90505 -3.77355 -0.0235015 -0.0708853 -0.0434298 -0.0352698 -0.0282559 -0.271941 -0.303571 1.10959 
89 0.358194 181.088 0.152521 0.017946 -1.03773 -1.37318 -1.98122 -2.33227 -2.90065 -3.73125 -0.0312412 -0.0722255 -0.063565 -0.042472 -0.0456335 -0.199781 -0.328835 0.199755 
90 0.772547 180.564 0.152582 0.0177935 -1.03718 -1.37327 -1.9811 -2.3338 -2.89775 -3.7592 -0.0354666 -0.0730538 -0.075301 -0.0462798 -0.0545803 -0.160218 -0.345418 -0.186518 
91 2.20867 176.72 0.152454 0.0181553 -1.03839 -1.37311 -1.98132 -2.33094 -2.90272 -3.83048 -0.0268852 -0.0717925 -0.0528792 -0.0376764 -0.034431 -0.245724 -0.317925 0.917817 
92 2.74662 167.503 0.152587 0.0178233 -1.03877 -1.3736 -1.98071 -2.33899 -2.90796 -4.22697 -0.0364594 -0.073388 -0.0824401 -0.0508924 -0.06234 -0.134906 -0.398404 -0.455494 
93 3.38298 174.318 0.152501 0.0179187 -1.03722 -1.37298 -1.98075 -2.32884 -2.91171 -3.43813 -0.0303904 -0.0715153 -0.0608469 -0.0414726 -0.0452354 -0.173302 -0.32798 2.54451 
95 1.84891 175.353 0.152543 0.0178735 -1.03793 -1.37327 -1.98068 -2.33355 -2.90995 -3.69917 -0.0332495 -0.0724573 -0.0708537 -0.0457396 -0.0533546 -0.156213 -0.360152 0.76896 
96 0.570245 179.213 0.152549 0.0178595 -1.03731 -1.3732 -1.98016 -2.33185 -2.90612 -3.76338 -0.0330806 -0.0733232 -0.0705523 -0.0453082 -0.0562167 -0.155768 -0.342462 0.198714 
98 0.537212 179.481 0.152545 0.017867 -1.03759 -1.37323 -1.98041 -2.33271 -2.90785 -3.73293 -0.0331466 -0.0728862 -0.0706325 -0.0456473 -0.0549139 -0.155807 -0.350167 0.443329 
99 0.310853 180.516 0.152543 0.0178731 -1.03748 -1.37323 -1.98033 -2.33257 -2.90737 -3.73373 -0.0329817 -0.0728199 -0.0699813 -0.0458624 -0.0552277 -0.156699 -0.344137 0.287903 
100 0.134022 181.094 0.152539 0.0178841 -1.03746 -1.37322 -1.98029 -2.33253 -2.90731 -3.73042 -0.0327483 -0.0726994 -0.0690281 -0.0459094 -0.055073 -0.158983 -0.33917 0.220892 
101 0.101431 181.513 0.152539 0.0178845 -1.03743 -1.37322 -1.98027 -2.33258 -2.90699 -3.7323 -0.0327745 -0.0726754 -0.0688887 -0.0461625 -0.0552783 -0.158454 -0.337038 0.170176 
102 0.0438833 181.858 0.15253 0.0179105 -1.03749 -1.37321 -1.98027 -2.33246 -2.90751 -3.72585 -0.0320608 -0.0724695 -0.0671966 -0.0457961 -0.0545356 -0.163639 -0.333663 0.192118 
103 0.28913 181.869 0.152574 0.0178103 -1.03724 -1.37324 -1.98022 -2.33289 -2.90543 -3.74841 -0.0354711 -0.0733944 -0.0725637 -0.0472788 -0.0569436 -0.146761 -0.33996 0.0475526 
104 1.27973 171.911 0.152351 0.0183997 -1.03829 -1.37313 -1.9804 -2.33143 -2.9121 -3.68915 -0.0170982 -0.0689146 -0.0501198 -0.0414361 -0.0466979 -0.219036 -0.316788 0.687415 
106 0.525094 181.064 0.152393 0.0182555 -1.03822 -1.37313 -1.98038 -2.33133 -2.91251 -3.67376 -0.0214382 -0.0697585 -0.0509333 -0.0414974 -0.0468586 -0.216384 -0.314379 0.636633 
108 0.0178863 182.172 0.152536 0.0179069 -1.03743 -1.37322 -1.98025 -2.33259 -2.90677 -3.73364 -0.0323886 -0.0725893 -0.0681023 -0.0461817 -0.0549625 -0.160746 -0.334378 0.155105 
109 0.0199733 182.53 0.152538 0.0179019 -1.03742 -1.37322 -1.98025 -2.3326 -2.90671 -3.73363 -0.0325465 -0.0726174 -0.0681833 -0.0462434 -0.0550331 -0.160319 -0.334154 0.145119 
110 0.0420886 182.849 0.152527 0.0179249 -1.03747 -1.37321 -1.98026 -2.33254 -2.90703 -3.72984 -0.0315649 -0.0723356 -0.0671003 -0.0460135 -0.0546188 -0.163412 -0.332801 0.166163 
111 0.241239 181.433 0.152591 0.0177993 -1.03721 -1.37324 -1.98021 -2.33289 -2.90528 -3.74884 -0.0377155 -0.0740569 -0.0726518 -0.0472447 -0.0567248 -0.147598 -0.338869 0.0455434 
113 0.0878247 183.006 0.152555 0.017867 -1.03735 -1.37323 -1.98024 -2.33269 -2.90625 -3.73811 -0.034293 -0.0731008 -0.0695625 -0.0465717 -0.0555685 -0.156313 -0.335409 0.110189 
114 0.477604 155.034 0.152426 0.0181547 -1.03784 -1.37317 -1.98032 -2.33207 -2.90928 -3.70692 -0.0214052 -0.0693197 -0.0592991 -0.0442733 -0.0515743 -0.186313 -0.324885 0.34899 
116 0.1524 182.457 0.152461 0.0180655 -1.03772 -1.37319 -1.9803 -2.33221 -2.90862 -3.71274 -0.0251379 -0.070475 -0.0616822 -0.044823 -0.0525284 -0.179108 -0.326977 0.286469 
118 0.0489998 183.297 0.152547 0.0178871 -1.03738 -1.37322 -1.98024 -2.33266 -2.90643 -3.73618 -0.0334463 -0.072844 -0.0688978 -0.0464293 -0.0553115 -0.158257 -0.334687 0.124809 
119 0.265733 176.005 0.152474 0.0180418 -1.03766 -1.37319 -1.98029 -2.3323 -2.90818 -3.71773 -0.02613 -0.0707227 -0.0630242 -0.0451289 -0.0530536 -0.175243 -0.328559 0.257675 
121 0.085595 183.16 0.152492 0.0179993 -1.03759 -1.3732 -1.98028 -2.33238 -2.90778 -3.72159 -0.0279979 -0.0712826 -0.0643892 -0.0454422 -0.053595 -0.171184 -0.329857 0.22369 
123 0.0296542 183.628 0.152543 0.0178962 -1.0374 -1.37322 -1.98024 -2.33264 -2.90653 -3.73513 -0.033038 -0.0727221 -0.0685594 -0.0463583 -0.0551832 -0.159229 -0.334304 0.131828 
124 0.163975 178.874 0.152497 0.0179913 -1.03757 -1.3732 -1.98027 -2.33241 -2.90763 -3.72341 -0.028362 -0.0713714 -0.0648726 -0.0455496 -0.05378 -0.169814 -0.330436 0.213815 
126 0.0523043 183.638 0.152509 0.0179655 -1.03753 -1.37321 -1.98027 -2.33247 -2.90736 -3.72612 -0.0295613 -0.0717257 -0.065776 -0.0457534 -0.0541318 -0.167169 -0.331331 0.192331 
128 0.0188788 183.981 0.15254 0.0179013 -1.03741 -1.37322 -1.98025 -2.33263 -2.90658 -3.73451 -0.0327998 -0.0726517 -0.068364 -0.0463175 -0.0551099 -0.159785 -0.334083 0.135818 
129 0.106259 179.948 0.15251 0.0179628 -1.03752 -1.37321 -1.98027 -2.33248 -2.9073 -3.7268 -0.0296998 -0.0717587 -0.0659517 -0.0457912 -0.0541973 -0.166681 -0.331546 0.188947 
131 0.0336739 184.058 0.152518 0.0179461 -1.03749 -1.37321 -1.98026 -2.33252 -2.90712 -3.72869 -0.0305077 -0.071995 -0.0665648 -0.0459277 -0.054433 -0.164905 -0.332167 0.174804 
133 0.0123682 184.345 0.152539 0.0179044 -1.03741 -1.37322 -1.98025 -2.33262 -2.90662 -3.73412 -0.0326488 -0.0726074 -0.0682425 -0.046292 -0.0550645 -0.16013 -0.333947 0.138314 
134 0.0704876 180.414 0.152519 0.0179451 -1.03749 -1.37321 -1.98026 -2.33252 -2.9071 -3.72896 -0.0305661 -0.0720089 -0.0666334 -0.045942 -0.0544579 -0.164718 -0.332252 0.173558 
136 0.0222752 184.459 0.152524 0.0179341 -1.03747 -1.37321 -1.98026 -2.33255 -2.90697 -3.73027 -0.0311148 -0.0721682 -0.067051 -0.0460341 -0.0546171 -0.163517 -0.332681 0.164113 
138 0.00822947 184.714 0.152538 0.0179064 -1.03742 -1.37322 -1.98025 -2.33261 -2.90664 -3.73387 -0.0325494 -0.0725785 -0.0681637 -0.0462753 -0.0550351 -0.160353 -0.33386 0.139951 
139 0.047285 180.42 0.152524 0.0179336 -1.03747 -1.37321 -1.98026 -2.33255 -2.90696 -3.73038 -0.0311427 -0.0721749 -0.0670807 -0.0460402 -0.0546277 -0.163437 -0.332718 0.163594 
141 0.0149309 184.856 0.152528 0.0179263 -1.03746 -1.37322 -1.98025 -2.33256 -2.90688 -3.73128 -0.0315157 -0.0722825 -0.0673652 -0.0461026 -0.0547355 -0.162622 -0.333013 0.157246 
143 0.00552107 185.084 0.152537 0.0179077 -1.03742 -1.37322 -1.98025 -2.33261 -2.90666 -3.7337 -0.0324829 -0.0725592 -0.0681115 -0.0462642 -0.0550156 -0.160501 -0.333803 0.141048 
144 0.0318899 179.572 0.152528 0.017926 -1.03745 -1.37322 -1.98025 -2.33257 -2.90687 -3.73134 -0.0315306 -0.0722864 -0.0673795 -0.0461055 -0.0547406 -0.162583 -0.333031 0.156993 
146 0.0100706 185.252 0.152531 0.0179211 -1.03745 -1.37322 -1.98025 -2.33258 -2.90682 -3.73196 -0.0317841 -0.072359 -0.0675731 -0.0461477 -0.0548137 -0.16203 -0.333233 0.152713 
148 0.00372093 185.454 0.152537 0.0179085 -1.03742 -1.37322 -1.98025 -2.33261 -2.90667 -3.73358 -0.032438 -0.0725462 -0.0680765 -0.0462568 -0.0550026 -0.160601 -0.333765 0.141789 
149 0.0215664 174.787 0.152531 0.0179209 -1.03745 -1.37322 -1.98025 -2.33258 -2.90681 -3.73199 -0.0317919 -0.0723617 -0.0675802 -0.0461493 -0.0548164 -0.162009 -0.333242 0.152572 
151 0.00680971 185.654 0.152532 0.0179176 -1.03744 -1.37322 -1.98025 -2.33259 -2.90677 -3.73241 -0.0319649 -0.0724103 -0.0677125 -0.046178 -0.054866 -0.161634 -0.33338 0.149677 
152 0.0861174 68.9882 0.152558 0.0178687 -1.03735 -1.37323 -1.98023 -2.33271 -2.90617 -3.73898 -0.0345812 -0.073151 -0.0697226 -0.046611 -0.0556152 -0.155954 -0.33552 0.106618 
154 0.0273331 183.147 0.152551 0.0178815 -1.03737 -1.37322 -1.98024 -2.33268 -2.90633 -3.73716 -0.0338695 -0.0729527 -0.0691765 -0.0464946 -0.055414 -0.157484 -0.33493 0.118038 
156 0.0100108 185.292 0.152531 0.0179211 -1.03745 -1.37322 -1.98025 -2.33258 -2.90681 -3.73198 -0.0317909 -0.0723597 -0.0675782 -0.0461487 -0.0548151 -0.162018 -0.33324 0.152649 
158 0.00368839 185.714 0.152537 0.0179086 -1.03742 -1.37322 -1.98025 -2.33261 -2.90666 -3.7336 -0.032441 -0.0725457 -0.0680781 -0.046257 -0.0550027 -0.160599 -0.333768 0.141795 
160 0.00117636 185.825 0.152536 0.0179099 -1.03742 -1.37322 -1.98025 -2.33261 -2.90668 -3.73344 -0.0323768 -0.0725272 -0.0680289 -0.0462463 -0.0549842 -0.160739 -0.333715 0.142866 
161 0.00678899 185.614 0.152534 0.0179138 -1.03743 -1.37322 -1.98025 -2.3326 -2.90673 -3.73293 -0.0321729 -0.0724684 -0.067872 -0.0462123 -0.0549256 -0.161183 -0.33355 0.146261 
162 0.0395868 177.358 0.152546 0.0178912 -1.03739 -1.37322 -1.98024 -2.33265 -2.90645 -3.73591 -0.0333659 -0.0728083 -0.0687888 -0.0464105 -0.0552686 -0.158585 -0.334522 0.126467 
164 0.0125543 184.915 0.152543 0.0178971 -1.0374 -1.37322 -1.98024 -2.33264 -2.90652 -3.73511 -0.0330454 -0.0727175 -0.0685422 -0.0463574 -0.0551768 -0.159281 -0.334259 0.131727 
166 0.00459843 186.056 0.152535 0.0179127 -1.03743 -1.37322 -1.98025 -2.3326 -2.90671 -3.73308 -0.0322298 -0.0724848 -0.0679161 -0.0462219 -0.0549418 -0.16106 -0.333596 0.145325 
167 0.0268186 181.348 0.152543 0.0178974 -1.0374 -1.37322 -1.98024 -2.33264 -2.90653 -3.73509 -0.0330365 -0.0727148 -0.0685358 -0.046356 -0.055174 -0.159302 -0.334253 0.131916 
169 0.00850083 185.454 0.152541 0.0179015 -1.03741 -1.37322 -1.98025 -2.33263 -2.90658 -3.73454 -0.0328209 -0.0726542 -0.0683704 -0.0463203 -0.0551119 -0.159772 -0.334076 0.135483 
171 0.00311562 186.35 0.152535 0.017912 -1.03743 -1.37322 -1.98025 -2.3326 -2.9067 -3.73317 -0.0322677 -0.0724955 -0.0679451 -0.0462282 -0.0549527 -0.160977 -0.333627 0.144692 
172 0.0182019 183.193 0.152541 0.0179016 -1.03741 -1.37322 -1.98025 -2.33263 -2.90658 -3.73453 -0.0328151 -0.0726516 -0.0683656 -0.0463192 -0.0551101 -0.159785 -0.334072 0.135591 
174 0.00576685 185.865 0.152539 0.0179044 -1.03741 -1.37322 -1.98025 -2.33262 -2.90661 -3.73417 -0.0326687 -0.0726095 -0.0682521 -0.0462949 -0.0550681 -0.160103 -0.333952 0.138015 
176 0.00211598 186.678 0.152536 0.0179115 -1.03743 -1.37322 -1.98025 -2.3326 -2.9067 -3.73324 -0.0322949 -0.0725019 -0.067965 -0.0462323 -0.05496 -0.160921 -0.333648 0.144263 
177 0.0123428 184.4 0.152539 0.0179044 -1.03741 -1.37322 -1.98025 -2.33262 -2.90661 -3.73416 -0.0326658 -0.0726083 -0.0682498 -0.0462939 -0.0550667 -0.160113 -0.333949 0.138092 
179 0.00390996 186.219 0.152537 0.0179086 -1.03742 -1.37322 -1.98025 -2.33261 -2.90666 -3.73362 -0.0324489 -0.0725476 -0.0680838 -0.046258 -0.0550046 -0.160585 -0.333773 0.141691 
181 0.00124431 186.703 0.152536 0.0179099 -1.03742 -1.37322 -1.98025 -2.33261 -2.90668 -3.73345 -0.0323809 -0.0725269 -0.0680313 -0.0462468 -0.0549849 -0.160734 -0.333717 0.142828 
183 0.000392044 186.85 0.152536 0.0179103 -1.03742 -1.37322 -1.98025 -2.3326 -2.90668 -3.7334 -0.0323589 -0.0725209 -0.0680137 -0.0462431 -0.0549786 -0.160782 -0.3337 0.143192 
---------------------------------------
0.152536 0.0179103 -1.03742 -1.37322 -1.98025 -2.3326 -2.90668 -3.7334 -0.0323589 -0.0725209 -0.0680137 -0.0462431 -0.0549786 -0.160782 -0.3337 0.143192 
3.07813e-06 1.77771e-06 6.76206e-06 1.14242e-06 3.87186e-06 1.64661e-05 4.83262e-05 0.000480381 0.000298394 0.00019883 0.000256912 7.32553e-05 0.000139954 0.000345166 0.000527458 0.00261704 
2.69027e+07 5.9083e+07 3.92791e+07 4.41942e+08 1.31382e+08 2.00211e+07 1.14582e+07 836240 -30418.4 17295.6 -8878.03 -487353 -432981 26305.9 478203 -48353 
---------------------------------------
***************************************

# 0.005 0.019 0.0425 0.07 0.11 0.17 0.24 0.4 0.603 
1.525e-01 3.078e-06
1.791e-02 1.778e-06
-1.037e+00 6.762e-06
-1.373e+00 1.142e-06
-1.980e+00 3.872e-06
-2.333e+00 1.647e-05
-2.907e+00 4.833e-05
-3.733e+00 4.804e-04
-3.236e-02 2.984e-04
-7.252e-02 1.988e-04
-6.801e-02 2.569e-04
-4.624e-02 7.326e-05
-5.498e-02 1.400e-04
-1.608e-01 3.452e-04
-3.337e-01 5.275e-04
1.432e-01 2.617e-03
***************************************
***************************************

# 0.005 0.019 0.0425 0.07 0.11 0.17 0.24 0.4 0.603 
6.533e-02 2.816e-01
-9.694e-02 2.103e-01
-1.175e+00 2.185e-01
-1.525e+00 1.729e-01
-2.166e+00 1.536e-01
-2.492e+00 1.538e-01
-3.258e+00 1.803e-01
-9.328e+00 7.607e+01
2.402e-01 2.838e-01
1.329e-01 2.104e-01
-8.990e-01 2.184e-01
-1.229e+00 1.729e-01
-1.825e+00 1.514e-01
-2.236e+00 1.569e-01
-2.758e+00 1.438e-01
-4.749e+00 3.931e+00
1.525e-01 3.078e-06
1.791e-02 1.778e-06
-1.037e+00 6.762e-06
-1.373e+00 1.142e-06
-1.980e+00 3.872e-06
-2.333e+00 1.647e-05
-2.907e+00 4.833e-05
-3.733e+00 4.804e-04
-3.236e-02 2.984e-04
-7.252e-02 1.988e-04
-6.801e-02 2.569e-04
-4.624e-02 7.326e-05
-5.498e-02 1.400e-04
-1.608e-01 3.452e-04
-3.337e-01 5.275e-04
1.432e-01 2.617e-03
***************************************
