1 0.434611 -491.51 0.59964 0.590447 0.569742 0.0600576 -0.0130874 -0.133907 -0.0744009 0.765389 
2 0.434663 -408.447 0.299638 0.220195 0.147297 -0.362399 -0.443438 -0.566426 -0.508462 0.330726 
3 0.434836 -328.241 0.161457 -0.0589404 -0.254948 -0.766055 -0.866736 -0.995477 -0.94184 -0.104109 
4 0.435199 -252.512 0.126512 -0.177032 -0.610092 -1.12575 -1.27204 -1.4162 -1.37407 -0.539308 
5 0.435642 -182.624 0.0980863 -0.158407 -0.885032 -1.39352 -1.63408 -1.81532 -1.80393 -0.974951 
6 0.435981 -120.771 0.0861192 -0.125087 -1.06156 -1.5208 -1.90918 -2.15751 -2.2274 -1.41093 
7 0.435652 -69.9686 0.0798813 -0.108422 -1.14061 -1.54165 -2.06167 -2.38051 -2.6311 -1.84658 
8 0.4362 -31.5681 0.074921 -0.102477 -1.16209 -1.53848 -2.1216 -2.45906 -2.9752 -2.28278 
9 0.440782 -4.59566 0.070836 -0.100136 -1.16698 -1.53802 -2.14419 -2.47657 -3.18347 -2.72357 
10 0.449792 13.4885 0.0679699 -0.0990229 -1.17022 -1.53795 -2.15339 -2.48548 -3.23625 -3.17336 
11 0.466438 24.952 0.0664442 -0.0983808 -1.17255 -1.53545 -2.1578 -2.48827 -3.24357 -3.6398 
12 0.525645 30.7833 0.0657617 -0.097803 -1.17374 -1.53166 -2.16103 -2.48922 -3.24754 -4.16544 
13 0.782952 32.9614 0.065477 -0.0973134 -1.17437 -1.5282 -2.16356 -2.48991 -3.247 -4.94839 
14 2.75971 33.6039 0.0654452 -0.0971805 -1.17451 -1.52711 -2.1643 -2.4901 -3.24638 -6.32825 
15 57.466 33.7075 0.065424 -0.0970835 -1.17461 -1.52629 -2.16485 -2.49023 -3.2459 -9.32825 
16 0.01254 33.7117 0.0654031 -0.0970511 -1.1747 -1.52588 -2.16546 -2.49098 -3.25217 -9.32825 
17 0.00626569 33.7136 0.0653712 -0.0970086 -1.17477 -1.52567 -2.16585 -2.49144 -3.2553 -9.32825 
18 0.00310111 33.714 0.0653492 -0.0969757 -1.17483 -1.52556 -2.16607 -2.4917 -3.25685 -9.32825 
19 0.0015287 33.7141 0.0653367 -0.0969539 -1.17486 -1.5255 -2.16621 -2.49185 -3.25762 -9.32825 
20 0.000752654 33.7142 0.0653303 -0.0969406 -1.17489 -1.52547 -2.16629 -2.49193 -3.25799 -9.32825 
---------------------------------------
0.0653303 -0.0969406 -1.17489 -1.52547 -2.16629 -2.49193 -3.25799 -9.32825 
0.281565 0.210257 0.218489 0.17294 0.153595 0.153835 0.180313 76.0678 
-0.000147453 0.000528689 -0.000861221 0.00189264 -0.00704766 -0.00804058 -0.0230055 -9.92274e-06 
---------------------------------------
***************************************

# 0.005 0.019 0.0425 0.07 0.11 0.17 0.24 0.4 0.603 
6.533e-02 2.816e-01
-9.694e-02 2.103e-01
-1.175e+00 2.185e-01
-1.525e+00 1.729e-01
-2.166e+00 1.536e-01
-2.492e+00 1.538e-01
-3.258e+00 1.803e-01
-9.328e+00 7.607e+01
***************************************
1 2.35014 -194.685 1.75014 0.509406 -0.808391 1.94681 -1.16398 -1.85984 -1.42917 -3.58561 
2 0.582443 -132.645 1.29081 0.191738 -0.994514 1.51023 -1.55952 -2.16884 -1.856 -4.16805 
3 0.984216 -76.7583 0.83968 -0.00316205 -1.05227 1.07169 -1.89641 -2.35639 -2.27094 -5.15227 
4 5.61781 -34.822 0.42717 -0.0700143 -1.07142 0.632539 -2.11432 -2.42846 -2.65544 -8.15227 
5 4732.08 -6.97467 0.140359 -0.08337 -1.09411 0.194651 -2.18645 -2.45794 -2.97202 -11.1523 
6 0.433981 9.05934 0.0677553 -0.0886535 -1.11393 -0.239331 -2.19701 -2.47889 -3.17543 -11.1523 
7 0.419094 18.7082 0.0741656 -0.0870932 -1.13038 -0.658425 -2.20195 -2.48834 -3.24058 -11.1523 
8 0.374448 25.8521 0.0690969 -0.0866105 -1.14893 -1.03287 -2.20272 -2.49144 -3.2477 -11.1523 
9 0.282401 30.776 0.068709 -0.0901329 -1.1649 -1.31527 -2.19553 -2.49248 -3.2514 -11.1523 
10 0.152993 33.1101 0.0667693 -0.0936864 -1.17275 -1.46827 -2.18189 -2.49282 -3.25521 -11.1523 
11 0.0474023 33.6654 0.0662751 -0.0948816 -1.17375 -1.49197 -2.17652 -2.49266 -3.25641 -11.1523 
12 0.0282954 33.6974 0.0659277 -0.0956564 -1.1743 -1.50612 -2.17289 -2.4925 -3.25718 -11.1523 
13 0.0164929 33.7087 0.0656972 -0.0961497 -1.1746 -1.51436 -2.17049 -2.49236 -3.25766 -11.1523 
14 0.00948708 33.7125 0.0655502 -0.0964574 -1.17476 -1.51911 -2.16894 -2.49226 -3.25795 -11.1523 
15 0.00542249 33.7137 0.0654591 -0.0966458 -1.17484 -1.52182 -2.16796 -2.49218 -3.25812 -11.1523 
16 0.00309214 33.714 0.0654038 -0.0967593 -1.17488 -1.52336 -2.16734 -2.49213 -3.25822 -11.1523 
17 0.00176311 33.7142 0.0653709 -0.096827 -1.1749 -1.52425 -2.16696 -2.49209 -3.25828 -11.1523 
18 0.00100634 33.7142 0.0653514 -0.0968669 -1.17491 -1.52475 -2.16673 -2.49207 -3.25831 -11.1523 
19 0.000575263 33.7142 0.0653401 -0.0968902 -1.17491 -1.52504 -2.1666 -2.49206 -3.25833 -11.1523 
---------------------------------------
0.0653401 -0.0968902 -1.17491 -1.52504 -2.1666 -2.49206 -3.25833 -11.1523 
0.273343 0.218363 0.249377 0.144561 0.16169 0.154467 0.109504 5295.93 
-0.00035763 -0.00114697 -0.000892073 -0.0190109 0.0110801 0.0014606 -0.00107721 -1.48758e-07 
---------------------------------------
***************************************

# 0.005 0.019 0.0425 0.07 0.11 0.17 0.24 0.4 0.603 
6.534e-02 2.733e-01
-9.689e-02 2.184e-01
-1.175e+00 2.494e-01
-1.525e+00 1.446e-01
-2.167e+00 1.617e-01
-2.492e+00 1.545e-01
-3.258e+00 1.095e-01
-1.115e+01 5.296e+03
***************************************
1 5.88358e+06 -6946.91 0.0328314 -0.168978 -1.19664 -1.52473 -2.24869 -2.79199 -3.2784 -10.5403 -1.80846 -2.59557 -1.23902 0.0195257 -1.87672 -2.53515 -1 0.93 
2 1.71803 -49.997 -0.0467249 -0.248461 -1.22937 -1.52408 -2.30395 -2.91875 -3.26841 -10.5403 -1.71983 -2.50269 -1.12441 0.0178279 -1.75846 -2.38721 -0.828197 0.93 
3 2.30052 54.9509 -0.1138 -0.337402 -1.25343 -1.52345 -2.35535 -3.06174 -3.24937 -10.5403 -1.59638 -2.40665 -1.01209 0.0167663 -1.61899 -2.15715 -0.678448 0.93 
4 3.80363 88.0633 -0.170688 -0.434387 -1.27022 -1.52288 -2.39894 -3.20922 -3.22529 -10.5403 -1.44219 -2.28143 -0.903405 0.0158057 -1.45865 -1.85715 -0.556168 0.93 
5 6.07162 107.192 -0.60228 -1.46509 -1.37397 -1.51779 -2.71776 -4.36436 -2.97348 -10.5403 0.353626 -0.557613 0.127076 0.00654392 0.311825 1.14285 0.411661 0.93 
7 8.20688 120.298 -0.466772 -1.56599 -1.33008 -1.51791 -2.60081 -3.65225 -2.96159 -10.5403 0.676957 0.327775 0.154558 0.00594889 0.561391 1.44285 0.298974 0.93 
9 8.38584 130.491 -0.29672 -1.49127 -1.29201 -1.51806 -2.4614 -2.55536 -2.96307 -10.5403 0.845464 1.13463 0.161544 0.00547818 0.686174 1.74285 0.211952 0.93 
11 5.96083 139.347 -0.134891 -1.11978 -1.26089 -1.51825 -2.33096 -1.84466 -2.97205 -10.5403 0.839101 1.43463 0.154712 0.00512113 0.682222 2.04285 0.147109 0.93 
13 4.46515 147.772 -0.0163138 -0.559659 -1.23662 -1.51847 -2.23287 -1.74766 -2.98583 -10.5403 0.713462 1.73463 0.140266 0.00478541 0.592925 2.34285 0.0991231 0.93 
15 3.65703 156.116 0.0527674 -0.0544347 -1.21835 -1.51871 -2.17165 -1.88051 -3.00345 -10.5403 0.553549 2.03463 0.122478 0.00440248 0.474436 0.935032 0.0632356 0.93 
17 2.32912 163.846 0.0858361 0.203752 -1.20494 -1.51895 -2.13868 -2.0797 -3.02417 -10.5403 0.412728 1.66375 0.103981 0.00411129 0.361684 0.40567 0.0348983 0.93 
19 1.28114 170.891 0.0983122 0.210662 -1.19531 -1.51918 -2.12348 -2.19978 -3.04572 -10.5403 0.30442 0.848691 0.086645 0.00390682 0.269433 0.210787 0.0118113 0.93 
21 0.756931 177.185 0.100712 0.13308 -1.18852 -1.5194 -2.11824 -2.27258 -3.06372 -10.5403 0.223806 0.452592 0.0713447 0.00375608 0.19895 0.121597 -0.00719748 0.93 
23 0.511278 182.825 0.0986304 0.0677294 -1.18383 -1.51961 -2.11819 -2.31989 -3.07541 -10.5403 0.165531 0.262393 0.0582022 0.00365052 0.146588 0.0745263 -0.0223827 0.93 
25 0.414057 187.955 0.0949049 0.0216367 -1.18065 -1.5198 -2.12063 -2.35249 -3.08199 -10.5403 0.123673 0.16251 0.0470982 0.00356101 0.108001 0.0471542 -0.033987 0.93 
27 0.340736 192.71 0.0908565 -0.0102786 -1.17858 -1.51995 -2.12417 -2.37604 -3.08569 -10.5403 0.0934561 0.105515 0.0378348 0.00346829 0.0795034 0.0300516 -0.0426561 0.93 
29 0.284309 197.181 0.0870476 -0.0326319 -1.17728 -1.52006 -2.12809 -2.39381 -3.08794 -10.5403 0.0714279 0.070796 0.0302 0.00336846 0.0583034 0.0187259 -0.0491228 0.93 
31 0.239957 201.421 0.0836817 -0.0485533 -1.17653 -1.52015 -2.13209 -2.40785 -3.08946 -10.5403 0.0551826 0.0485365 0.0239835 0.00326469 0.0423717 0.0108226 -0.0539935 0.93 
33 0.204435 205.458 0.0807988 -0.0600792 -1.17617 -1.52022 -2.13605 -2.41943 -3.0906 -10.5403 0.043061 0.0336605 0.0189883 0.00316165 0.0302529 0.00500839 -0.0577131 0.93 
35 0.175528 209.304 0.0783696 -0.0685432 -1.1761 -1.52028 -2.13993 -2.42939 -3.09152 -10.5403 0.0339154 0.0233599 0.0150426 0.00306358 0.0209071 0.000477608 -0.0605902 0.93 
37 0.151684 212.959 0.0763401 -0.0748343 -1.17622 -1.52033 -2.14373 -2.43822 -3.09228 -10.5403 0.0269466 0.0159927 0.012006 0.00297399 0.0135917 -0.0032812 -0.0628293 0.93 
39 0.131791 216.415 0.0746509 -0.0795585 -1.1765 -1.52037 -2.14744 -2.44617 -3.09291 -10.5403 0.0215934 0.0105548 0.00976811 0.00289566 0.00777905 -0.00659914 -0.0645607 0.93 
41 0.115034 219.662 0.0732463 -0.0831371 -1.17688 -1.52041 -2.15103 -2.4533 -3.09341 -10.5403 0.0174581 0.00641237 0.00824158 0.00283056 0.00309904 -0.00968074 -0.0658655 0.93 
43 0.100798 222.694 0.0720774 -0.0858692 -1.17733 -1.52044 -2.15441 -2.45954 -3.09378 -10.5403 0.0142571 0.00315901 0.00734947 0.00277972 -0.000700778 -0.01263 -0.0667982 0.93 
45 0.0886164 225.508 0.0711023 -0.0879711 -1.17781 -1.52046 -2.15749 -2.4648 -3.09404 -10.5403 0.0117857 0.000535715 0.00701165 0.00274309 -0.00378731 -0.0154705 -0.0674051 0.93 
47 0.0781249 228.11 0.0702862 -0.0896009 -1.1783 -1.52048 -2.16017 -2.46905 -3.0942 -10.5403 0.00989333 -0.00161821 0.00713558 0.00271954 -0.006271 -0.0181731 -0.0677354 0.93 
49 0.0690376 230.514 0.0696008 -0.0908758 -1.17876 -1.5205 -2.1624 -2.47236 -3.09429 -10.5403 0.0084659 -0.0033996 0.00761654 0.00270718 -0.008232 -0.0206893 -0.0678427 0.93 
51 0.0611274 232.739 0.0690227 -0.0918822 -1.17918 -1.52051 -2.16419 -2.47484 -3.09434 -10.5403 0.00741358 -0.00486724 0.00834667 0.00270372 -0.00973903 -0.0229787 -0.0677808 0.93 
53 0.0550139 234.807 0.0685333 -0.0926843 -1.17955 -1.52052 -2.16557 -2.47666 -3.09437 -10.5403 0.00666343 -0.0060603 0.00922692 0.00270694 -0.0108586 -0.0250231 -0.0675981 0.93 
55 0.0504618 236.741 0.0543899 -0.117402 -1.18581 -1.52044 -2.17455 -2.48556 -3.09332 -10.5403 -0.00841387 -0.0158282 -0.0150547 0.00337128 -0.0286824 -0.025812 -0.0728506 0.93 
57 0.0482914 237.627 0.054988 -0.116335 -1.18554 -1.52045 -2.17428 -2.48535 -3.09339 -10.5403 -0.00778926 -0.0155134 -0.0136168 0.00334081 -0.0279176 -0.026173 -0.0724613 0.93 
59 0.046227 238.494 0.055554 -0.115321 -1.18528 -1.52046 -2.17401 -2.48514 -3.09346 -10.5403 -0.00718768 -0.0152078 -0.0122345 0.00331257 -0.0271808 -0.0265317 -0.0720797 0.93 
61 0.0442612 239.341 0.0560894 -0.114358 -1.18503 -1.52046 -2.17376 -2.48494 -3.09352 -10.5403 -0.00660812 -0.0149106 -0.010906 0.00328642 -0.0264706 -0.0268878 -0.071706 0.93 
63 0.0423872 240.171 0.056596 -0.113444 -1.1848 -1.52047 -2.17351 -2.48474 -3.09358 -10.5403 -0.00604965 -0.0146213 -0.00962994 0.00326225 -0.0257862 -0.0272407 -0.0713402 0.93 
65 0.0405993 240.983 0.0570752 -0.112577 -1.18457 -1.52048 -2.17328 -2.48454 -3.09364 -10.5403 -0.00551137 -0.0143394 -0.00840453 0.00323994 -0.0251265 -0.0275901 -0.0709823 0.93 
67 0.0388923 241.78 0.0575286 -0.111753 -1.18436 -1.52048 -2.17304 -2.48435 -3.0937 -10.5403 -0.00499242 -0.0140645 -0.00722808 0.00321937 -0.0244904 -0.0279358 -0.0706323 0.93 
69 0.0372615 242.561 0.0579575 -0.110972 -1.18415 -1.52049 -2.17282 -2.48416 -3.09376 -10.5403 -0.00449198 -0.0137962 -0.00609885 0.00320045 -0.0238771 -0.0282776 -0.0702901 0.93 
71 0.0357029 243.329 0.0583631 -0.11023 -1.18396 -1.52049 -2.17261 -2.48398 -3.09381 -10.5403 -0.00400925 -0.0135341 -0.00501509 0.00318306 -0.0232858 -0.0286153 -0.0699557 0.93 
73 0.0342127 244.083 0.0587469 -0.109527 -1.18377 -1.5205 -2.1724 -2.4838 -3.09386 -10.5403 -0.00354348 -0.0132779 -0.00397502 0.00316713 -0.0227156 -0.0289488 -0.0696291 0.93 
75 0.0327877 244.824 0.0591098 -0.108859 -1.18359 -1.5205 -2.1722 -2.48363 -3.09391 -10.5403 -0.00309393 -0.0130275 -0.0029769 0.00315255 -0.0221656 -0.029278 -0.06931 0.93 
77 0.0314247 245.553 0.0594531 -0.108226 -1.18342 -1.52051 -2.172 -2.48346 -3.09396 -10.5403 -0.0026599 -0.0127825 -0.002019 0.00313925 -0.0216351 -0.0296029 -0.0689985 0.93 
79 0.030121 246.271 0.0597777 -0.107625 -1.18326 -1.52052 -2.17181 -2.4833 -3.09401 -10.5403 -0.00224071 -0.0125427 -0.00109961 0.00312713 -0.0211234 -0.0299234 -0.0686944 0.93 
81 0.028874 246.977 0.0600847 -0.107055 -1.1831 -1.52052 -2.17163 -2.48315 -3.09405 -10.5403 -0.00183569 -0.012308 -0.000217066 0.00311614 -0.0206297 -0.0302396 -0.0683976 0.93 
83 0.0276813 247.673 0.0603751 -0.106514 -1.18295 -1.52053 -2.17146 -2.483 -3.09409 -10.5403 -0.00144423 -0.0120782 0.000630259 0.0031062 -0.0201534 -0.0305514 -0.068108 0.93 
85 0.0265405 248.36 0.0606496 -0.106002 -1.18281 -1.52053 -2.17129 -2.48285 -3.09414 -10.5403 -0.00106572 -0.0118532 0.00144394 0.00309724 -0.0196937 -0.0308588 -0.0678255 0.93 
87 0.0254496 249.037 0.0609092 -0.105515 -1.18267 -1.52053 -2.17113 -2.48271 -3.09418 -10.5403 -0.000699563 -0.0116327 0.0022255 0.0030892 -0.0192501 -0.0311619 -0.06755 0.93 
89 0.0244064 249.704 0.0611546 -0.105054 -1.18254 -1.52054 -2.17097 -2.48258 -3.09422 -10.5403 -0.000345202 -0.0114167 0.0029764 0.00308201 -0.0188219 -0.0314606 -0.0672812 0.93 
91 0.0234091 250.363 0.0613866 -0.104617 -1.18241 -1.52054 -2.17082 -2.48245 -3.09426 -10.5403 -2.09475e-06 -0.011205 0.00369806 0.00307563 -0.0184085 -0.031755 -0.0670191 0.93 
93 0.0224557 251.014 0.061606 -0.104202 -1.18229 -1.52055 -2.17068 -2.48232 -3.09429 -10.5403 0.000330279 -0.0109975 0.00439181 0.00307 -0.0180093 -0.0320451 -0.0667636 0.93 
95 604145 251.656 0.0618171 -0.10381 -1.18215 -1.52057 -2.17072 -2.48238 -3.09481 -7.54026 0.000670568 -0.0108021 0.00566467 0.003284 -0.0151876 -0.0307405 -0.0685811 0.93 
96 4540.58 258.679 0.0658848 -0.096419 -1.17449 -1.52109 -2.15699 -2.46766 -3.10635 -4.54026 -3.16313e-05 -0.000756255 0.00481555 0.00297345 -0.00191574 -0.0171202 -0.0579542 -2.07 
98 1869.33 259.887 0.0640349 -0.0997757 -1.17724 -1.5209 -2.15969 -2.4694 -3.10324 -4.24026 5.82439e-05 -0.00506607 0.00386045 0.00296027 -0.00747404 -0.0198784 -0.0569035 -2.37 
99 2.28715 267.819 0.0656778 -0.0965694 -1.17227 -1.52123 -2.14505 -2.45133 -3.1122 -5.76795 0.000180589 0.000285496 0.00344437 0.00230903 0.00166128 -0.00581083 -0.0072486 -0.0828456 
101 4.14954 272.069 0.0656625 -0.0965694 -1.17249 -1.52142 -2.14714 -2.45516 -3.11795 -6.03866 0.000257895 0.000168321 0.00353503 0.00271535 0.00118294 -0.00808958 -0.0115108 0.858715 
103 7.14964 275.32 0.0656477 -0.0965734 -1.17264 -1.52151 -2.14833 -2.45709 -3.12066 -5.91008 0.00023086 9.91662e-05 0.00314981 0.00280235 0.000630044 -0.00890269 -0.0137759 1.15872 
105 10.3324 277.642 0.0656342 -0.0965799 -1.17268 -1.52157 -2.14872 -2.45766 -3.12218 -5.08381 0.000145853 7.85557e-05 0.0025146 0.00265919 0.000181684 -0.00849145 -0.013914 1.45872 
107 10.8881 279.59 0.0651069 -0.0976307 -1.17416 -1.52135 -2.15221 -2.4613 -3.11593 -4.19333 0.000106033 -0.0015939 0.00287773 0.00268604 -0.00231473 -0.011882 -0.0271473 1.75872 
108 3.13289 286.619 0.0655616 -0.0966367 -1.17294 -1.52185 -2.15027 -2.45967 -3.12543 -4.75106 -0.000511108 -0.000355212 -0.00401859 -0.000184639 -0.00308108 -0.00097972 -0.0326571 -1.24128 
110 3.57488 289.42 0.0655498 -0.0966531 -1.17307 -1.52188 -2.15068 -2.46033 -3.1279 -4.35503 -0.000443512 -0.000291122 -0.0034114 -6.34776e-05 -0.00273734 -0.00122261 -0.030687 -1.54128 
112 3.32276 291.787 0.0655381 -0.0966699 -1.17315 -1.5219 -2.15091 -2.46072 -3.12946 -3.90082 -0.000372 -0.000266799 -0.00286301 0.000100457 -0.00249324 -0.00169668 -0.028639 -1.84128 
114 2.43486 294.22 0.0655235 -0.0966919 -1.17325 -1.5219 -2.15116 -2.4611 -3.13083 -3.56616 -0.000325876 -0.000239029 -0.00242073 0.00022602 -0.00235917 -0.00208582 -0.0272149 -1.57615 
116 1.4845 296.698 0.0655039 -0.0967226 -1.17336 -1.52188 -2.15141 -2.46144 -3.1318 -3.47365 -0.000298246 -0.000209802 -0.00203216 0.000340533 -0.00231899 -0.00249108 -0.0263656 -0.869273 
118 0.893046 298.958 0.0654806 -0.0967598 -1.17347 -1.52185 -2.15162 -2.46169 -3.13224 -3.51943 -0.000287007 -0.000197935 -0.00175723 0.000423903 -0.00235686 -0.00283476 -0.0260472 -0.426267 
120 0.565502 300.945 0.0653785 -0.0969966 -1.17364 -1.52171 -2.15173 -2.46148 -3.12741 -3.80949 -0.000197459 -0.000583779 -0.000622307 0.00100142 -0.00241653 -0.00519447 -0.0267696 0.0947233 
122 0.471751 301.757 0.0653777 -0.0969947 -1.17364 -1.52171 -2.15175 -2.46152 -3.12766 -3.81148 -0.000199028 -0.000569841 -0.000628246 0.000989946 -0.00242915 -0.00515215 -0.0266247 0.113324 
124 0.397379 302.516 0.0653767 -0.0969932 -1.17365 -1.52171 -2.15177 -2.46156 -3.12788 -3.8134 -0.000200205 -0.000557841 -0.000632889 0.000979589 -0.00244254 -0.00511457 -0.0264738 0.126922 
126 0.337587 303.227 0.0653758 -0.0969922 -1.17365 -1.52171 -2.15179 -2.46159 -3.12808 -3.81518 -0.000200958 -0.00054759 -0.000636287 0.000970297 -0.00245643 -0.00508134 -0.026317 0.136949 
128 0.288927 303.889 0.0653749 -0.0969915 -1.17365 -1.52171 -2.15181 -2.46162 -3.12824 -3.81682 -0.000201275 -0.000538899 -0.000638512 0.000962016 -0.00247057 -0.00505216 -0.0261546 0.1444 
130 0.2492 304.505 0.0653741 -0.0969909 -1.17366 -1.52171 -2.15183 -2.46164 -3.12839 -3.81833 -0.000201155 -0.00053158 -0.000639649 0.000954698 -0.00248473 -0.00502678 -0.0259874 0.14997 
132 0.221516 305.077 0.0653734 -0.0969903 -1.17366 -1.52171 -2.15184 -2.46166 -3.12852 -3.81971 -0.00020061 -0.000525449 -0.00063979 0.000948297 -0.00249872 -0.00500501 -0.0258166 0.154153 
134 0.196839 305.608 0.0653728 -0.0969898 -1.17366 -1.52171 -2.15185 -2.46167 -3.12863 -3.82098 -0.000199664 -0.000520338 -0.000639027 0.000942772 -0.00251235 -0.0049867 -0.0256436 0.157298 
136 0.174866 306.1 0.0653724 -0.0969893 -1.17366 -1.52171 -2.15186 -2.46168 -3.12873 -3.82212 -0.000198348 -0.00051609 -0.000637456 0.000938082 -0.00252547 -0.00497172 -0.02547 0.15966 
138 0.15533 306.554 0.0653721 -0.0969888 -1.17366 -1.52171 -2.15187 -2.46169 -3.12881 -3.82315 -0.0001967 -0.000512567 -0.000635169 0.000934181 -0.00253795 -0.00495992 -0.0252974 0.161423 
140 0.137991 306.974 0.0653719 -0.0969882 -1.17366 -1.52171 -2.15188 -2.4617 -3.12889 -3.82405 -0.00019476 -0.000509646 -0.000632259 0.000931024 -0.00254969 -0.00495115 -0.0251271 0.162723 
142 0.122635 307.362 0.0653718 -0.0969875 -1.17366 -1.52171 -2.15188 -2.46171 -3.12895 -3.82483 -0.000192571 -0.000507223 -0.000628813 0.000928558 -0.00256062 -0.00494524 -0.0249605 0.163664 
144 0.10906 307.72 0.0653718 -0.0969869 -1.17366 -1.52171 -2.15189 -2.46171 -3.12901 -3.82548 -0.000190172 -0.00050521 -0.000624912 0.000926728 -0.0025707 -0.00494197 -0.0247985 0.164324 
146 0.0970808 308.051 0.0653718 -0.0969862 -1.17366 -1.52171 -2.15189 -2.46171 -3.12907 -3.82602 -0.000187603 -0.000503533 -0.000620633 0.000925475 -0.00257994 -0.00494114 -0.0246418 0.164763 
148 0.0865258 308.356 0.0653719 -0.0969854 -1.17366 -1.52171 -2.1519 -2.46172 -3.12912 -3.82644 -0.0001849 -0.000502131 -0.000616047 0.000924738 -0.00258834 -0.00494249 -0.024491 0.165028 
150 0.0772348 308.639 0.065372 -0.0969847 -1.17366 -1.52171 -2.1519 -2.46172 -3.12916 -3.82676 -0.000182095 -0.000500954 -0.000611215 0.000924459 -0.00259596 -0.00494578 -0.0243461 0.165157 
152 0.0690607 308.9 0.0653721 -0.0969839 -1.17366 -1.52171 -2.1519 -2.46172 -3.12921 -3.82699 -0.000179217 -0.000499963 -0.000606194 0.000924581 -0.00260283 -0.00495076 -0.0242075 0.16518 
154 0.0618695 309.141 0.0653723 -0.0969832 -1.17366 -1.52171 -2.1519 -2.46172 -3.12925 -3.82713 -0.000176289 -0.000499126 -0.00060103 0.000925049 -0.00260902 -0.00495721 -0.0240749 0.165121 
156 0.0555402 309.365 0.0653724 -0.0969825 -1.17366 -1.52171 -2.15191 -2.46172 -3.12929 -3.8272 -0.000173335 -0.000498417 -0.000595767 0.000925813 -0.00261458 -0.00496489 -0.0239482 0.164999 
158 0.0499648 309.574 0.0653726 -0.0969817 -1.17366 -1.52171 -2.15191 -2.46173 -3.12933 -3.82721 -0.000170371 -0.000497815 -0.000590439 0.00092683 -0.00261959 -0.00497361 -0.0238273 0.16483 
160 0.0450473 309.767 0.0653727 -0.096981 -1.17366 -1.52171 -2.15191 -2.46173 -3.12937 -3.82717 -0.000167412 -0.000497304 -0.000585077 0.000928058 -0.00262409 -0.00498318 -0.0237119 0.164626 
162 0.0407032 309.948 0.0653729 -0.0969803 -1.17366 -1.52171 -2.15191 -2.46173 -3.1294 -3.82709 -0.000164472 -0.000496871 -0.000579706 0.000929462 -0.00262815 -0.00499344 -0.0236017 0.164397 
164 0.0368587 310.116 0.0653731 -0.0969797 -1.17366 -1.52171 -2.15191 -2.46173 -3.12943 -3.82698 -0.000161561 -0.000496507 -0.000574348 0.000931012 -0.00263181 -0.00500425 -0.0234964 0.164152 
166 0.0334495 310.274 0.0653732 -0.096979 -1.17366 -1.52171 -2.15191 -2.46173 -3.12947 -3.82684 -0.000158688 -0.000496202 -0.000569022 0.00093268 -0.00263511 -0.00501548 -0.023396 0.163896 
168 0.0304196 310.421 0.0653734 -0.0969784 -1.17366 -1.52171 -2.15192 -2.46173 -3.1295 -3.82668 -0.000155859 -0.000495949 -0.000563741 0.000934443 -0.00263811 -0.00502702 -0.0233 0.163636 
170 0.0277208 310.56 0.0653735 -0.0969778 -1.17366 -1.52171 -2.15192 -2.46173 -3.12953 -3.82651 -0.00015308 -0.000495744 -0.000558521 0.00093628 -0.00264082 -0.00503879 -0.0232082 0.163374 
172 0.0253373 310.69 0.0653737 -0.0969772 -1.17366 -1.52171 -2.15192 -2.46173 -3.12956 -3.82633 -0.000150356 -0.00049558 -0.00055337 0.000938176 -0.00264328 -0.0050507 -0.0231206 0.163113 
174 0.0233163 310.813 0.0653738 -0.0969767 -1.17366 -1.52171 -2.15192 -2.46173 -3.12958 -3.82614 -0.000147691 -0.000495455 -0.000548298 0.000940113 -0.00264552 -0.00506269 -0.0230367 0.162857 
176 0.0214857 310.929 0.065374 -0.0969761 -1.17366 -1.52171 -2.15192 -2.46174 -3.12961 -3.82595 -0.000145087 -0.000495364 -0.000543312 0.00094208 -0.00264756 -0.00507469 -0.0229566 0.162606 
178 0.0198241 311.039 0.0653741 -0.0969756 -1.17366 -1.52171 -2.15192 -2.46174 -3.12963 -3.82576 -0.000142546 -0.000495304 -0.000538419 0.000944065 -0.00264942 -0.00508665 -0.02288 0.162363 
179 0.00077315 313.6 0.0653743 -0.0969749 -1.17365 -1.52171 -2.15192 -2.46174 -3.12967 -3.82532 -8.70161e-05 -0.00052402 -0.000404505 0.00102294 -0.00263487 -0.00546402 -0.0221068 0.162882 
---------------------------------------
0.0653743 -0.0969749 -1.17365 -1.52171 -2.15192 -2.46174 -3.12967 -3.82532 -8.70161e-05 -0.00052402 -0.000404505 0.00102294 -0.00263487 -0.00546402 -0.0221068 0.162882 
5.56737e-06 1.00758e-05 2.84364e-05 2.10158e-05 8.03321e-05 0.000139398 0.000408217 0.00324749 0.0010205 0.00119983 0.00155169 0.00113397 0.00235252 0.00292807 0.00478907 0.0199735 
2.21166e+06 1.63351e+06 975455 1.78209e+06 438356 272932 137654 10630 26.1997 -29.8163 -30.6052 -258.734 -317.133 -50.1594 622.383 -392.721 
---------------------------------------
***************************************

# 0.005 0.019 0.0425 0.07 0.11 0.17 0.24 0.4 0.603 
6.537e-02 5.567e-06
-9.697e-02 1.008e-05
-1.174e+00 2.844e-05
-1.522e+00 2.102e-05
-2.152e+00 8.033e-05
-2.462e+00 1.394e-04
-3.130e+00 4.082e-04
-3.825e+00 3.247e-03
-8.702e-05 1.020e-03
-5.240e-04 1.200e-03
-4.045e-04 1.552e-03
1.023e-03 1.134e-03
-2.635e-03 2.353e-03
-5.464e-03 2.928e-03
-2.211e-02 4.789e-03
1.629e-01 1.997e-02
***************************************
***************************************

# 0.005 0.019 0.0425 0.07 0.11 0.17 0.24 0.4 0.603 
6.533e-02 2.816e-01
-9.694e-02 2.103e-01
-1.175e+00 2.185e-01
-1.525e+00 1.729e-01
-2.166e+00 1.536e-01
-2.492e+00 1.538e-01
-3.258e+00 1.803e-01
-9.328e+00 7.607e+01
6.534e-02 2.733e-01
-9.689e-02 2.184e-01
-1.175e+00 2.494e-01
-1.525e+00 1.446e-01
-2.167e+00 1.617e-01
-2.492e+00 1.545e-01
-3.258e+00 1.095e-01
-1.115e+01 5.296e+03
6.537e-02 5.567e-06
-9.697e-02 1.008e-05
-1.174e+00 2.844e-05
-1.522e+00 2.102e-05
-2.152e+00 8.033e-05
-2.462e+00 1.394e-04
-3.130e+00 4.082e-04
-3.825e+00 3.247e-03
-8.702e-05 1.020e-03
-5.240e-04 1.200e-03
-4.045e-04 1.552e-03
1.023e-03 1.134e-03
-2.635e-03 2.353e-03
-5.464e-03 2.928e-03
-2.211e-02 4.789e-03
1.629e-01 1.997e-02
***************************************
