1 0.434611 -491.51 0.59964 0.590447 0.569742 0.0600576 -0.0130874 -0.133907 -0.0744009 0.765389 
2 0.434663 -408.447 0.299638 0.220195 0.147297 -0.362399 -0.443438 -0.566426 -0.508462 0.330726 
3 0.434836 -328.241 0.161457 -0.0589404 -0.254948 -0.766055 -0.866736 -0.995477 -0.94184 -0.104109 
4 0.435199 -252.512 0.126512 -0.177032 -0.610092 -1.12575 -1.27204 -1.4162 -1.37407 -0.539308 
5 0.435642 -182.624 0.0980863 -0.158407 -0.885032 -1.39352 -1.63408 -1.81532 -1.80393 -0.974951 
6 0.435981 -120.771 0.0861192 -0.125087 -1.06156 -1.5208 -1.90918 -2.15751 -2.2274 -1.41093 
7 0.435652 -69.9686 0.0798813 -0.108422 -1.14061 -1.54165 -2.06167 -2.38051 -2.6311 -1.84658 
8 0.4362 -31.5681 0.074921 -0.102477 -1.16209 -1.53848 -2.1216 -2.45906 -2.9752 -2.28278 
9 0.440782 -4.59566 0.070836 -0.100136 -1.16698 -1.53802 -2.14419 -2.47657 -3.18347 -2.72357 
10 0.449792 13.4885 0.0679699 -0.0990229 -1.17022 -1.53795 -2.15339 -2.48548 -3.23625 -3.17336 
11 0.466438 24.952 0.0664442 -0.0983808 -1.17255 -1.53545 -2.1578 -2.48827 -3.24357 -3.6398 
12 0.525645 30.7833 0.0657617 -0.097803 -1.17374 -1.53166 -2.16103 -2.48922 -3.24754 -4.16544 
13 0.782952 32.9614 0.065477 -0.0973134 -1.17437 -1.5282 -2.16356 -2.48991 -3.247 -4.94839 
14 2.75971 33.6039 0.0654452 -0.0971805 -1.17451 -1.52711 -2.1643 -2.4901 -3.24638 -6.32825 
15 57.466 33.7075 0.065424 -0.0970835 -1.17461 -1.52629 -2.16485 -2.49023 -3.2459 -9.32825 
16 0.01254 33.7117 0.0654031 -0.0970511 -1.1747 -1.52588 -2.16546 -2.49098 -3.25217 -9.32825 
17 0.00626569 33.7136 0.0653712 -0.0970086 -1.17477 -1.52567 -2.16585 -2.49144 -3.2553 -9.32825 
18 0.00310111 33.714 0.0653492 -0.0969757 -1.17483 -1.52556 -2.16607 -2.4917 -3.25685 -9.32825 
19 0.0015287 33.7141 0.0653367 -0.0969539 -1.17486 -1.5255 -2.16621 -2.49185 -3.25762 -9.32825 
20 0.000752654 33.7142 0.0653303 -0.0969406 -1.17489 -1.52547 -2.16629 -2.49193 -3.25799 -9.32825 
---------------------------------------
0.0653303 -0.0969406 -1.17489 -1.52547 -2.16629 -2.49193 -3.25799 -9.32825 
0.281565 0.210257 0.218489 0.17294 0.153595 0.153835 0.180313 76.0678 
-0.000147453 0.000528689 -0.000861221 0.00189264 -0.00704766 -0.00804058 -0.0230055 -9.92274e-06 
---------------------------------------
***************************************

# 0.005 0.019 0.0425 0.07 0.11 0.17 0.24 0.4 0.603 
6.533e-02 2.816e-01
-9.694e-02 2.103e-01
-1.175e+00 2.185e-01
-1.525e+00 1.729e-01
-2.166e+00 1.536e-01
-2.492e+00 1.538e-01
-3.258e+00 1.803e-01
-9.328e+00 7.607e+01
***************************************
1 2.20938 -154.24 1.60938 0.300842 -0.910712 1.94931 -1.16458 -1.89601 -1.43011 -3.6978 
2 1.02118 -90.4506 1.15133 0.0290559 -1.12 1.51274 -1.56855 -2.26329 -1.86148 -4.71898 
3 6.21566 -33.7017 0.704654 -0.102684 -1.20054 1.07546 -1.92426 -2.53993 -2.2883 -7.71898 
4 5455.05 8.6777 0.311296 -0.133076 -1.23043 0.640044 -2.175 -2.68186 -2.70725 -10.719 
5 0.431804 37.0572 0.0752877 -0.143709 -1.25335 0.208239 -2.27837 -2.74053 -3.12526 -10.719 
6 0.427955 53.8932 0.0458684 -0.149303 -1.26523 -0.219716 -2.29153 -2.76591 -3.51122 -10.719 
7 0.418655 64.2987 0.0457614 -0.146328 -1.27438 -0.63837 -2.2919 -2.78115 -3.81049 -10.719 
8 0.389014 71.9236 0.0431877 -0.148165 -1.29128 -1.02738 -2.28703 -2.78836 -3.96248 -10.719 
9 0.320519 77.522 0.0423298 -0.15333 -1.31152 -1.3479 -2.27489 -2.79133 -3.99886 -10.719 
10 0.205611 80.7241 0.0409303 -0.158457 -1.32761 -1.55351 -2.25701 -2.79249 -4.01227 -10.719 
11 0.0821006 81.7856 0.0404334 -0.16029 -1.33193 -1.59457 -2.24926 -2.79266 -4.01704 -10.719 
12 0.0509635 81.8794 0.0400603 -0.161568 -1.33479 -1.62005 -2.24362 -2.79274 -4.02022 -10.719 
13 0.0303345 81.9148 0.0397978 -0.162429 -1.33662 -1.63521 -2.23967 -2.79277 -4.02228 -10.719 
14 0.0175861 81.9272 0.0396217 -0.16299 -1.33775 -1.64401 -2.23698 -2.79278 -4.02356 -10.719 
15 0.0100485 81.9313 0.0395082 -0.163343 -1.33844 -1.64903 -2.23522 -2.79277 -4.02432 -10.719 
16 0.00570303 81.9326 0.0394372 -0.16356 -1.33885 -1.65188 -2.23408 -2.79276 -4.02475 -10.719 
17 0.00322998 81.933 0.0393939 -0.163691 -1.33909 -1.6535 -2.23337 -2.79275 -4.02499 -10.719 
18 0.00183013 81.9331 0.039368 -0.163769 -1.33923 -1.65441 -2.23293 -2.79275 -4.02512 -10.719 
19 0.00103873 81.9331 0.0393528 -0.163814 -1.33931 -1.65493 -2.23266 -2.79274 -4.02519 -10.719 
20 0.000590863 81.9331 0.039344 -0.163841 -1.33936 -1.65523 -2.23249 -2.79274 -4.02522 -10.719 
---------------------------------------
0.039344 -0.163841 -1.33936 -1.65523 -2.23249 -2.79274 -4.02522 -10.719 
0.264992 0.222266 0.26407 0.141376 0.161325 0.184537 0.100468 3150.95 
-0.000308991 -0.00137545 -0.00257789 -0.0186294 0.0117484 0.00039123 -6.7545e-05 -4.17049e-07 
---------------------------------------
***************************************

# 0.005 0.019 0.0425 0.07 0.11 0.17 0.24 0.4 0.603 
3.934e-02 2.650e-01
-1.638e-01 2.223e-01
-1.339e+00 2.641e-01
-1.655e+00 1.414e-01
-2.232e+00 1.613e-01
-2.793e+00 1.845e-01
-4.025e+00 1.005e-01
-1.072e+01 3.151e+03
***************************************
1 3.12886e+06 -5466.27 0.0190421 -0.20463 -1.28212 -1.59127 -2.30337 -2.94234 -3.65427 -10.3236 -1.81802 -2.60483 -1.26519 0.0585511 -1.85627 -2.61191 -1 0.63 
2 2.32177 -8.88948 -0.0631483 -0.286461 -1.3254 -1.59053 -2.3652 -3.08251 -3.59258 -10.3236 -1.73068 -2.50634 -1.14149 0.0643184 -1.74365 -2.52293 -0.767823 0.63 
3 1.74333 91.3988 -0.132344 -0.378236 -1.35874 -1.58986 -2.42497 -3.25684 -3.52787 -10.3236 -1.60651 -2.40526 -1.01533 0.0698946 -1.60677 -2.3765 -0.609631 0.63 
4 2.78784 120.197 -0.191363 -0.478304 -1.38287 -1.58927 -2.47868 -3.48152 -3.47036 -10.3236 -1.45012 -2.27359 -0.888916 0.0747739 -1.44279 -2.09772 -0.505871 0.63 
5 6.39457 136.029 -0.641866 -1.54068 -1.53599 -1.58405 -2.90421 -6.30031 -2.98919 -10.3236 0.384475 -0.455395 0.341883 0.116972 0.459897 0.902282 0.197059 0.63 
7 14.8038 146.272 -0.501468 -1.63749 -1.47211 -1.58419 -2.77911 -6.7634 -3.02552 -10.3236 0.726858 0.492327 0.392088 0.115524 0.831781 1.20228 0.0595471 0.63 
9 32.1586 153.517 -0.322302 -1.53232 -1.41462 -1.58436 -2.60207 -6.14232 -3.05531 -10.3236 0.9062 1.16664 0.404099 0.114369 1.05607 1.50228 -0.0262021 0.63 
11 51.5966 159.009 -0.151067 -1.12943 -1.36745 -1.58453 -2.41899 -1.27129 -3.07861 -10.3236 0.896127 1.46664 0.389463 0.113438 1.08348 1.80228 -0.0818357 0.63 
13 23.3725 163.68 -0.0265956 -0.54352 -1.33149 -1.58471 -2.27785 -0.971294 -3.09668 -10.3236 0.758213 1.76664 0.360339 0.112583 0.958618 2.10228 -0.118926 0.63 
15 9.39952 168.263 0.0444292 -0.0396726 -1.30556 -1.58489 -2.19454 -0.671294 -3.11086 -10.3236 0.585839 2.06664 0.325927 0.111716 0.778592 2.40228 -0.143459 0.63 
17 3.12331 173.429 0.0771181 0.19771 -1.28755 -1.58505 -2.15568 -1.29571 -3.12224 -10.3236 0.436957 1.66711 0.292181 0.11083 0.613562 2.70228 -0.158476 0.63 
19 1.28872 178.832 0.0884412 0.186536 -1.27541 -1.58517 -2.14206 -1.87501 -3.13166 -10.3236 0.324581 0.843813 0.261922 0.109974 0.486481 0.793416 -0.167115 0.63 
21 0.856109 183.595 0.0897846 0.101971 -1.26733 -1.58528 -2.14041 -2.17875 -3.13938 -10.3236 0.241791 0.457053 0.236157 0.109236 0.394095 0.435849 -0.174385 0.63 
23 0.624953 187.905 0.0868778 0.0344195 -1.26204 -1.58537 -2.14364 -2.3243 -3.1458 -10.3236 0.182476 0.273906 0.214913 0.108596 0.328735 0.322219 -0.180125 0.63 
25 0.48127 191.887 0.0825552 -0.0123776 -1.25861 -1.58545 -2.1484 -2.40549 -3.15124 -10.3236 0.14019 0.178388 0.197726 0.108042 0.282571 0.272349 -0.184483 0.63 
27 0.383229 195.611 0.0780872 -0.0445045 -1.25641 -1.58551 -2.15327 -2.4554 -3.15592 -10.3236 0.109862 0.124178 0.183969 0.107566 0.249657 0.246342 -0.187654 0.63 
29 0.312095 199.119 0.0739851 -0.0669014 -1.25501 -1.58556 -2.15769 -2.48821 -3.16004 -10.3236 0.0878853 0.0913626 0.173021 0.107164 0.225856 0.231152 -0.189802 0.63 
31 0.258188 202.438 0.0704127 -0.0828146 -1.25415 -1.58558 -2.1615 -2.51091 -3.16377 -10.3236 0.0717723 0.0705037 0.164327 0.106837 0.208364 0.221468 -0.191043 0.63 
33 0.215976 205.587 0.067382 -0.0943238 -1.25362 -1.58559 -2.16471 -2.5273 -3.16723 -10.3236 0.0598224 0.0567377 0.157426 0.106583 0.195289 0.214792 -0.191457 0.63 
35 0.182064 208.58 0.0648451 -0.102778 -1.25333 -1.58557 -2.1674 -2.53962 -3.17053 -10.3236 0.0508653 0.0473817 0.151943 0.106405 0.185345 0.209818 -0.191094 0.63 
37 0.154246 211.424 0.062735 -0.109072 -1.25318 -1.58554 -2.16965 -2.54923 -3.17378 -10.3236 0.0440884 0.0408721 0.147582 0.106305 0.17765 0.205811 -0.189979 0.63 
39 0.131036 214.126 0.0609843 -0.113811 -1.25312 -1.58549 -2.17153 -2.55701 -3.17702 -10.3236 0.0389201 0.036256 0.144108 0.106288 0.171592 0.20233 -0.18812 0.63 
41 0.113337 216.688 0.0595321 -0.117413 -1.25312 -1.58542 -2.17312 -2.56354 -3.18029 -10.3236 0.0349539 0.0329313 0.14134 0.106356 0.166745 0.199108 -0.185522 0.63 
43 0.0992423 219.115 0.0583256 -0.120174 -1.25316 -1.58533 -2.17447 -2.56916 -3.18359 -10.3236 0.0318968 0.0305065 0.139138 0.106512 0.162809 0.195995 -0.182196 0.63 
45 0.0871863 221.41 0.0573211 -0.122306 -1.25322 -1.58522 -2.17562 -2.57407 -3.18688 -10.3236 0.0295352 0.0287209 0.137394 0.106759 0.159572 0.192926 -0.178178 0.63 
47 0.0768119 223.578 0.0564823 -0.123962 -1.25328 -1.5851 -2.17659 -2.57836 -3.19011 -10.3236 0.0277117 0.0273978 0.136022 0.107093 0.156884 0.189911 -0.173546 0.63 
49 0.0678377 225.627 0.0557796 -0.125255 -1.25335 -1.58498 -2.17739 -2.58206 -3.19321 -10.3236 0.0263082 0.0264155 0.134955 0.107506 0.154642 0.18702 -0.16843 0.63 
51 0.0600396 227.565 0.0374022 -0.156289 -1.26543 -1.58524 -2.19895 -2.60946 -3.19391 -10.3236 0.00635521 0.0107185 0.108066 0.106385 0.133029 0.186137 -0.180924 0.63 
52 0.0662182 238.526 0.0529319 -0.129345 -1.25378 -1.58333 -2.18179 -2.60256 -3.21494 -10.3236 0.0228213 0.023429 0.133173 0.113032 0.144584 0.156744 -0.114705 0.63 
54 0.0561049 239.984 0.0458579 -0.141551 -1.25902 -1.58444 -2.18896 -2.60375 -3.20489 -10.3236 0.015373 0.0178447 0.121448 0.109964 0.139614 0.173701 -0.146249 0.63 
55 0.0183917 248.012 0.0520478 -0.130002 -1.25387 -1.58536 -2.17766 -2.59049 -3.20878 -10.3236 0.0233366 0.0243863 0.128706 0.113701 0.145519 0.183495 -0.127858 0.63 
57 0.0252672 249.085 0.049234 -0.135217 -1.25619 -1.58476 -2.183 -2.59736 -3.20872 -10.3236 0.019921 0.0213143 0.125897 0.112701 0.14271 0.176699 -0.131777 0.63 
58 0.0472471 254.914 0.0517419 -0.130161 -1.25385 -1.58379 -2.17967 -2.59845 -3.22346 -10.3236 0.0255877 0.0232532 0.132198 0.121579 0.144823 0.159279 -0.0845295 0.63 
60 0.0330642 255.698 0.0506016 -0.132437 -1.2549 -1.5845 -2.18074 -2.59669 -3.21513 -10.3236 0.0230963 0.0225192 0.12873 0.117171 0.144105 0.171145 -0.11052 0.63 
61 0.0126358 259.694 0.0516238 -0.130181 -1.25378 -1.58545 -2.1769 -2.59133 -3.21241 -10.3236 0.0269654 0.0240033 0.127833 0.120396 0.146798 0.183781 -0.111441 0.63 
63 0.0120501 260.236 0.0511611 -0.131202 -1.25428 -1.58476 -2.17902 -2.59498 -3.2159 -10.3236 0.0253504 0.0230932 0.128994 0.119838 0.145703 0.173561 -0.104587 0.63 
64 0.0328918 262.879 0.0515976 -0.130216 -1.25368 -1.58398 -2.17888 -2.59886 -3.22449 -10.3236 0.0284309 0.0223451 0.132728 0.126476 0.148788 0.15485 -0.0716951 0.63 
66 0.0159155 263.263 0.0514001 -0.130653 -1.25394 -1.58462 -2.17853 -2.59576 -3.21852 -10.3236 0.0270928 0.02291 0.130172 0.122689 0.147585 0.169232 -0.09334 0.63 
67 0.0108321 265.068 0.0515012 -0.130423 -1.25377 -1.58484 -2.17791 -2.59494 -3.21741 -10.3236 0.0282731 0.0231555 0.129918 0.123287 0.149136 0.174648 -0.0958728 0.63 
68 0.0674753 265.751 0.0515923 -0.130364 -1.25379 -1.58392 -2.17909 -2.60046 -3.22429 -10.3236 0.0299538 0.0222823 0.135609 0.127186 0.151494 0.140911 -0.0629856 0.63 
70 0.0355409 266.308 0.0515849 -0.130341 -1.25376 -1.58429 -2.17861 -2.59847 -3.2219 -10.3236 0.0297401 0.022737 0.133608 0.125862 0.151355 0.154264 -0.0748136 0.63 
72 0.0198746 266.499 0.0515835 -0.130327 -1.25374 -1.58447 -2.17835 -2.59751 -3.22061 -10.3236 0.0296958 0.0229881 0.132669 0.125273 0.151296 0.160936 -0.0808697 0.63 
73 195083 265.62 0.0515327 -0.130233 -1.25364 -1.58533 -2.17691 -2.59273 -3.21351 -7.32361 0.0284294 0.0252522 0.12721 0.123031 0.149948 0.212892 -0.125579 0.63 
75 245396 267.204 0.0515779 -0.130262 -1.25369 -1.58497 -2.17761 -2.5949 -3.21841 -7.02361 0.0294246 0.0242419 0.129856 0.124208 0.151834 0.189502 -0.108152 0.63 
76 721.055 264.259 0.0517504 -0.130312 -1.25382 -1.58348 -2.17976 -2.60453 -3.23628 -4.02361 0.0345216 0.023398 0.140748 0.13004 0.157493 0.125135 -0.0626095 -2.37 
78 326.003 266.964 0.0517291 -0.130256 -1.25378 -1.58368 -2.17989 -2.60486 -3.24296 -3.72361 0.0334145 0.023659 0.140142 0.129689 0.159839 0.136705 -0.072719 3.33 
79 1.8214 243.199 0.0515919 -0.130082 -1.25299 -1.58791 -2.16871 -2.58499 -3.15619 -3.76415 0.0326779 0.0299715 0.118669 0.125095 0.145504 0.285153 -0.331582 4.2407 
81 0.839379 255.484 0.0515963 -0.130066 -1.25298 -1.58842 -2.17004 -2.579 -3.16369 -3.84167 0.0315403 0.0280403 0.121019 0.124966 0.153401 0.267883 -0.247417 4.26045 
83 0.281818 258.309 0.0516742 -0.130127 -1.25331 -1.58552 -2.17606 -2.59394 -3.21077 -3.92874 0.0327811 0.0263141 0.13367 0.129096 0.160368 0.200373 -0.121599 3.78683 
85 0.242442 259.137 0.0516973 -0.130174 -1.25348 -1.58482 -2.17735 -2.59853 -3.22263 -3.87926 0.0332119 0.0255715 0.135898 0.129397 0.159969 0.17763 -0.109397 3.64365 
86 0.410526 262.474 0.0518147 -0.130178 -1.25353 -1.58396 -2.179 -2.60556 -3.24406 -4.28978 0.0371865 0.0266745 0.141741 0.131853 0.167229 0.145492 -0.067688 4.01807 
88 0.56026 263.401 0.0517173 -0.130166 -1.25348 -1.5848 -2.17766 -2.59968 -3.22945 -4.12387 0.034062 0.026157 0.136788 0.129886 0.16251 0.178066 -0.106389 3.96122 
89 1.09932 265.772 0.0516721 -0.130146 -1.25344 -1.58536 -2.17737 -2.5979 -3.23229 -4.64186 0.0328202 0.0265483 0.135256 0.12937 0.163288 0.203363 -0.13083 5.06054 
90 6.6638 267.516 0.05178 -0.130159 -1.25347 -1.58453 -2.17867 -2.60481 -3.24961 -4.93183 0.0361322 0.026642 0.140918 0.130213 0.167819 0.178255 -0.112586 8.06054 
91 6.60413 263.289 0.0515747 -0.130101 -1.25326 -1.58696 -2.17448 -2.58957 -3.1965 -5.57368 0.0299133 0.0261557 0.131285 0.129172 0.156201 0.244894 -0.162431 5.06054 
93 10.0783 266.401 0.0515156 -0.130083 -1.2532 -1.58793 -2.17373 -2.58441 -3.18802 -3.68406 0.0278083 0.0256321 0.128944 0.128343 0.154839 0.260809 -0.170857 4.76054 
95 6.41912 268.047 0.0516946 -0.130132 -1.25338 -1.58567 -2.17731 -2.59881 -3.23291 -3.38533 0.0333298 0.0262672 0.137711 0.12947 0.164395 0.204596 -0.132328 4.46054 
97 2.78901 268.437 0.0517024 -0.130135 -1.25339 -1.58557 -2.17752 -2.59973 -3.23567 -3.43132 0.03356 0.0262827 0.138257 0.129521 0.164927 0.202173 -0.131504 5.76604 
99 1.96755 268.771 0.051708 -0.130136 -1.2534 -1.58549 -2.17766 -2.60038 -3.23762 -3.60454 0.0337232 0.0262835 0.138654 0.129551 0.165315 0.200535 -0.13127 6.32901 
101 1.54726 269.059 0.0517118 -0.130137 -1.2534 -1.58545 -2.17776 -2.60084 -3.23899 -3.71631 0.0338334 0.0262743 0.138941 0.129563 0.165596 0.199477 -0.131396 6.53714 
103 1.25881 269.318 0.0517142 -0.130138 -1.2534 -1.58543 -2.17782 -2.60117 -3.23999 -3.78317 0.0339015 0.0262582 0.139148 0.129563 0.165799 0.198844 -0.131748 6.6289 
105 1.05097 269.556 0.0517156 -0.130138 -1.25341 -1.58541 -2.17787 -2.60141 -3.24072 -3.82415 0.0339368 0.0262373 0.139299 0.129555 0.165944 0.198516 -0.132236 6.67454 
107 0.894419 269.779 0.0517163 -0.130139 -1.25341 -1.58541 -2.1779 -2.60158 -3.24127 -3.84988 0.0339472 0.0262134 0.139409 0.129543 0.166046 0.198404 -0.132798 6.69902 
109 0.772282 269.989 0.0517163 -0.130139 -1.25341 -1.58541 -2.17793 -2.60171 -3.2417 -3.86622 0.0339389 0.0261876 0.13949 0.129527 0.166116 0.198444 -0.133393 6.71273 
111 0.674318 270.187 0.051716 -0.130139 -1.25341 -1.58541 -2.17794 -2.6018 -3.24204 -3.87659 0.0339168 0.0261609 0.139551 0.12951 0.166161 0.198588 -0.133993 6.72054 
113 0.593993 270.374 0.0517154 -0.130139 -1.25341 -1.58542 -2.17796 -2.60187 -3.24232 -3.88304 0.0338845 0.0261338 0.139597 0.129493 0.166189 0.198805 -0.134581 6.72492 
115 0.526951 270.552 0.0517145 -0.130139 -1.25342 -1.58542 -2.17797 -2.60193 -3.24254 -3.88686 0.0338447 0.0261069 0.139632 0.129475 0.166202 0.19907 -0.135144 6.72723 
117 0.470174 270.72 0.0517136 -0.130139 -1.25342 -1.58543 -2.17798 -2.60197 -3.24273 -3.8889 0.0337996 0.0260805 0.13966 0.129458 0.166205 0.199366 -0.135678 6.72826 
119 0.421511 270.879 0.0517125 -0.130139 -1.25342 -1.58544 -2.17799 -2.60201 -3.24289 -3.88972 0.0337506 0.0260546 0.139683 0.129441 0.166199 0.199682 -0.136178 6.72847 
121 0.379385 271.03 0.0517114 -0.130139 -1.25342 -1.58545 -2.17799 -2.60204 -3.24303 -3.88971 0.0336989 0.0260296 0.139701 0.129424 0.166187 0.200008 -0.136644 6.72817 
123 0.34261 271.174 0.0517102 -0.130139 -1.25342 -1.58546 -2.178 -2.60206 -3.24315 -3.88913 0.0336454 0.0260055 0.139716 0.129409 0.166169 0.20034 -0.137076 6.72754 
125 0.310283 271.309 0.051709 -0.130139 -1.25342 -1.58547 -2.178 -2.60208 -3.24325 -3.88816 0.0335907 0.0259824 0.139728 0.129394 0.166148 0.200671 -0.137475 6.72671 
127 0.281697 271.438 0.0517078 -0.130139 -1.25342 -1.58547 -2.178 -2.6021 -3.24334 -3.88694 0.0335355 0.0259602 0.139739 0.129379 0.166124 0.200999 -0.137842 6.72576 
129 0.256294 271.56 0.0517066 -0.130139 -1.25342 -1.58548 -2.17801 -2.60211 -3.24342 -3.88556 0.0334801 0.025939 0.139748 0.129365 0.166098 0.201321 -0.138181 6.72475 
131 0.233626 271.675 0.0517054 -0.130139 -1.25342 -1.58549 -2.17801 -2.60212 -3.24349 -3.88408 0.0334251 0.0259189 0.139756 0.129352 0.166071 0.201635 -0.138492 6.72372 
133 0.213326 271.785 0.0517042 -0.130139 -1.25342 -1.5855 -2.17801 -2.60213 -3.24354 -3.88255 0.0333706 0.0258997 0.139763 0.12934 0.166043 0.201939 -0.138779 6.72268 
135 0.195093 271.889 0.0517031 -0.130139 -1.25342 -1.5855 -2.17802 -2.60214 -3.24359 -3.881 0.0333171 0.0258814 0.13977 0.129328 0.166015 0.202233 -0.139045 6.72167 
136 0.0470128 271.08 0.0516312 -0.130135 -1.25341 -1.58559 -2.17788 -2.60149 -3.24117 -3.9045 0.028253 0.025845 0.139317 0.129366 0.16526 0.206946 -0.139932 6.7445 
138 0.0168104 275.08 0.0516437 -0.130136 -1.25341 -1.58558 -2.1779 -2.60161 -3.24161 -3.90016 0.0291117 0.0258504 0.139396 0.129359 0.165391 0.206127 -0.139771 6.74043 
140 0.00506404 275.714 0.0516977 -0.130138 -1.25342 -1.58551 -2.17801 -2.60209 -3.24342 -3.8825 0.03294 0.0258778 0.139737 0.12933 0.165957 0.202603 -0.139122 6.72317 
141 0.0252709 265.645 0.0516593 -0.130137 -1.25342 -1.58556 -2.17793 -2.60175 -3.24213 -3.89513 0.030204 0.025859 0.139496 0.129351 0.165557 0.205093 -0.139584 6.73548 
143 0.00911348 275.373 0.0516661 -0.130137 -1.25342 -1.58555 -2.17795 -2.60181 -3.24236 -3.89287 0.0306824 0.0258623 0.139538 0.129347 0.165628 0.20465 -0.139498 6.73331 
145 0.00256749 276.768 0.0516949 -0.130138 -1.25342 -1.58551 -2.178 -2.60207 -3.24333 -3.88339 0.0327419 0.0258764 0.139719 0.129331 0.165928 0.202787 -0.139157 6.72404 
147 0.000949916 276.915 0.0516928 -0.130138 -1.25342 -1.58552 -2.178 -2.60205 -3.24326 -3.88407 0.0325947 0.0258754 0.139706 0.129333 0.165906 0.20292 -0.139181 6.72471 
---------------------------------------
0.0516928 -0.130138 -1.25342 -1.58552 -2.178 -2.60205 -3.24326 -3.88407 0.0325947 0.0258754 0.139706 0.129333 0.165906 0.20292 -0.139181 6.72471 
1.50783e-05 5.07387e-07 3.19179e-06 8.57808e-06 3.26787e-05 0.000162925 0.000288191 0.00257702 0.00111017 8.54827e-05 0.000175547 0.000311944 0.000717198 0.00174441 0.00203384 0.00665861 
2.70521e+06 3.03682e+08 7.36627e+07 2.45932e+07 4.69546e+06 822387 723841 84039.8 8496.52 58451.6 -137375 -40589.4 -36860.6 1741.52 44164.7 -9942.07 
---------------------------------------
***************************************

# 0.005 0.019 0.0425 0.07 0.11 0.17 0.24 0.4 0.603 
5.169e-02 1.508e-05
-1.301e-01 5.074e-07
-1.253e+00 3.192e-06
-1.586e+00 8.578e-06
-2.178e+00 3.268e-05
-2.602e+00 1.629e-04
-3.243e+00 2.882e-04
-3.884e+00 2.577e-03
3.259e-02 1.110e-03
2.588e-02 8.548e-05
1.397e-01 1.755e-04
1.293e-01 3.119e-04
1.659e-01 7.172e-04
2.029e-01 1.744e-03
-1.392e-01 2.034e-03
4.415e-01 6.659e-03
***************************************
***************************************

# 0.005 0.019 0.0425 0.07 0.11 0.17 0.24 0.4 0.603 
6.533e-02 2.816e-01
-9.694e-02 2.103e-01
-1.175e+00 2.185e-01
-1.525e+00 1.729e-01
-2.166e+00 1.536e-01
-2.492e+00 1.538e-01
-3.258e+00 1.803e-01
-9.328e+00 7.607e+01
3.934e-02 2.650e-01
-1.638e-01 2.223e-01
-1.339e+00 2.641e-01
-1.655e+00 1.414e-01
-2.232e+00 1.613e-01
-2.793e+00 1.845e-01
-4.025e+00 1.005e-01
-1.072e+01 3.151e+03
5.169e-02 1.508e-05
-1.301e-01 5.074e-07
-1.253e+00 3.192e-06
-1.586e+00 8.578e-06
-2.178e+00 3.268e-05
-2.602e+00 1.629e-04
-3.243e+00 2.882e-04
-3.884e+00 2.577e-03
3.259e-02 1.110e-03
2.588e-02 8.548e-05
1.397e-01 1.755e-04
1.293e-01 3.119e-04
1.659e-01 7.172e-04
2.029e-01 1.744e-03
-1.392e-01 2.034e-03
4.415e-01 6.659e-03
***************************************
