1 0.434611 -491.51 0.59964 0.590447 0.569742 0.0600576 -0.0130874 -0.133907 -0.0744009 0.765389 
2 0.434663 -408.447 0.299638 0.220195 0.147297 -0.362399 -0.443438 -0.566426 -0.508462 0.330726 
3 0.434836 -328.241 0.161457 -0.0589404 -0.254948 -0.766055 -0.866736 -0.995477 -0.94184 -0.104109 
4 0.435199 -252.512 0.126512 -0.177032 -0.610092 -1.12575 -1.27204 -1.4162 -1.37407 -0.539308 
5 0.435642 -182.624 0.0980863 -0.158407 -0.885032 -1.39352 -1.63408 -1.81532 -1.80393 -0.974951 
6 0.435981 -120.771 0.0861192 -0.125087 -1.06156 -1.5208 -1.90918 -2.15751 -2.2274 -1.41093 
7 0.435652 -69.9686 0.0798813 -0.108422 -1.14061 -1.54165 -2.06167 -2.38051 -2.6311 -1.84658 
8 0.4362 -31.5681 0.074921 -0.102477 -1.16209 -1.53848 -2.1216 -2.45906 -2.9752 -2.28278 
9 0.440782 -4.59566 0.070836 -0.100136 -1.16698 -1.53802 -2.14419 -2.47657 -3.18347 -2.72357 
10 0.449792 13.4885 0.0679699 -0.0990229 -1.17022 -1.53795 -2.15339 -2.48548 -3.23625 -3.17336 
11 0.466438 24.952 0.0664442 -0.0983808 -1.17255 -1.53545 -2.1578 -2.48827 -3.24357 -3.6398 
12 0.525645 30.7833 0.0657617 -0.097803 -1.17374 -1.53166 -2.16103 -2.48922 -3.24754 -4.16544 
13 0.782952 32.9614 0.065477 -0.0973134 -1.17437 -1.5282 -2.16356 -2.48991 -3.247 -4.94839 
14 2.75971 33.6039 0.0654452 -0.0971805 -1.17451 -1.52711 -2.1643 -2.4901 -3.24638 -6.32825 
15 57.466 33.7075 0.065424 -0.0970835 -1.17461 -1.52629 -2.16485 -2.49023 -3.2459 -9.32825 
16 0.01254 33.7117 0.0654031 -0.0970511 -1.1747 -1.52588 -2.16546 -2.49098 -3.25217 -9.32825 
17 0.00626569 33.7136 0.0653712 -0.0970086 -1.17477 -1.52567 -2.16585 -2.49144 -3.2553 -9.32825 
18 0.00310111 33.714 0.0653492 -0.0969757 -1.17483 -1.52556 -2.16607 -2.4917 -3.25685 -9.32825 
19 0.0015287 33.7141 0.0653367 -0.0969539 -1.17486 -1.5255 -2.16621 -2.49185 -3.25762 -9.32825 
20 0.000752654 33.7142 0.0653303 -0.0969406 -1.17489 -1.52547 -2.16629 -2.49193 -3.25799 -9.32825 
---------------------------------------
0.0653303 -0.0969406 -1.17489 -1.52547 -2.16629 -2.49193 -3.25799 -9.32825 
0.281565 0.210257 0.218489 0.17294 0.153595 0.153835 0.180313 76.0678 
-0.000147453 0.000528689 -0.000861221 0.00189264 -0.00704766 -0.00804058 -0.0230055 -9.92274e-06 
---------------------------------------
***************************************

# 0.005 0.019 0.0425 0.07 0.11 0.17 0.24 0.4 0.603 
6.533e-02 2.816e-01
-9.694e-02 2.103e-01
-1.175e+00 2.185e-01
-1.525e+00 1.729e-01
-2.166e+00 1.536e-01
-2.492e+00 1.538e-01
-3.258e+00 1.803e-01
-9.328e+00 7.607e+01
***************************************
1 0.440507 172.645 -0.978954 -1.26642 -1.15804 1.95522 -1.1758 -1.93364 -1.43517 -3.54051 
2 0.450032 247.709 -1.24077 -1.57406 -1.59732 1.52036 -1.61244 -2.36375 -1.87067 -3.99054 
3 0.45855 317.99 -1.3449 -1.76355 -2.03559 1.0853 -2.05075 -2.78769 -2.30675 -4.44909 
4 0.440218 382.614 -1.38166 -1.82755 -2.46253 0.649977 -2.49097 -3.19927 -2.74382 -4.85725 
5 0.439755 440.547 -1.41949 -1.84255 -2.86393 0.214636 -2.93073 -3.58735 -3.18221 -5.04451 
6 0.438099 491.628 -1.45189 -1.85724 -3.21388 -0.219562 -3.36445 -3.94278 -3.62031 -4.99381 
7 0.430331 536.416 -1.47293 -1.86764 -3.46498 -0.649893 -3.77466 -4.23828 -4.0465 -4.98148 
8 0.422928 571.811 -1.48334 -1.87398 -3.59086 -1.07282 -4.11658 -4.3984 -4.42124 -4.99579 
9 0.415226 594.045 -1.49069 -1.88019 -3.59754 -1.48805 -4.32448 -4.42057 -4.65601 -5.01858 
10 0.41767 605.486 -1.49607 -1.88388 -3.51134 -1.90572 -4.39736 -4.41053 -4.69715 -5.03601 
11 0.42982 613.886 -1.49833 -1.88154 -3.43349 -2.33554 -4.43173 -4.39718 -4.68767 -5.04219 
12 0.431579 622.047 -1.49956 -1.87815 -3.40968 -2.76712 -4.46898 -4.38814 -4.68456 -5.04361 
13 0.405501 629.419 -1.5019 -1.87697 -3.41566 -3.17262 -4.51181 -4.3826 -4.67778 -5.04495 
14 0.328791 634.999 -1.50575 -1.87621 -3.4306 -3.50141 -4.56413 -4.37756 -4.66807 -5.04658 
15 0.185428 637.909 -1.50878 -1.87512 -3.44183 -3.68684 -4.62416 -4.36899 -4.65632 -5.04992 
16 0.0584813 638.623 -1.50923 -1.87476 -3.44398 -3.70787 -4.6534 -4.36325 -4.6516 -5.05144 
17 0.0515831 638.669 -1.50941 -1.87449 -3.44462 -3.71921 -4.67919 -4.35812 -4.64797 -5.05198 
18 0.0447955 638.693 -1.50946 -1.87426 -3.44449 -3.72534 -4.70159 -4.35369 -4.64512 -5.05197 
19 0.0384968 638.708 -1.50946 -1.87405 -3.44402 -3.72879 -4.72084 -4.34992 -4.64283 -5.05168 
20 0.0328596 638.719 -1.50943 -1.87386 -3.44344 -3.73086 -4.73727 -4.34674 -4.64098 -5.05126 
21 0.0279226 638.725 -1.50939 -1.87369 -3.44285 -3.73219 -4.75123 -4.34408 -4.63945 -5.05079 
22 0.0236547 638.73 -1.50935 -1.87354 -3.44232 -3.73311 -4.76306 -4.34185 -4.63819 -5.05034 
23 0.0199949 638.734 -1.50931 -1.87341 -3.44185 -3.73379 -4.77305 -4.33999 -4.63715 -5.04992 
24 0.0168731 638.736 -1.50928 -1.8733 -3.44146 -3.73431 -4.78149 -4.33843 -4.63627 -5.04955 
25 0.0142199 638.738 -1.50925 -1.87321 -3.44112 -3.73472 -4.7886 -4.33713 -4.63554 -5.04922 
26 0.011971 638.739 -1.50923 -1.87313 -3.44084 -3.73506 -4.79459 -4.33604 -4.63493 -5.04894 
27 0.0100686 638.739 -1.5092 -1.87307 -3.44061 -3.73533 -4.79962 -4.33513 -4.63442 -5.04869 
28 0.00846221 638.74 -1.50919 -1.87301 -3.44042 -3.73556 -4.80385 -4.33437 -4.63399 -5.04848 
29 0.0071075 638.74 -1.50917 -1.87297 -3.44026 -3.73575 -4.80741 -4.33374 -4.63364 -5.04831 
30 0.0059664 638.741 -1.50916 -1.87293 -3.44013 -3.7359 -4.81039 -4.33321 -4.63334 -5.04816 
31 0.00500617 638.741 -1.50915 -1.8729 -3.44002 -3.73603 -4.81289 -4.33276 -4.63309 -5.04803 
32 0.00419881 638.741 -1.50914 -1.87287 -3.43993 -3.73614 -4.81499 -4.33239 -4.63288 -5.04792 
33 0.00352047 638.741 -1.50913 -1.87285 -3.43985 -3.73623 -4.81675 -4.33208 -4.6327 -5.04783 
34 0.00295088 638.741 -1.50912 -1.87283 -3.43979 -3.73631 -4.81823 -4.33182 -4.63255 -5.04776 
35 0.00247285 638.741 -1.50912 -1.87281 -3.43973 -3.73637 -4.81946 -4.3316 -4.63243 -5.04769 
36 0.00207183 638.741 -1.50911 -1.8728 -3.43969 -3.73643 -4.8205 -4.33142 -4.63233 -5.04764 
37 0.00173554 638.741 -1.50911 -1.87279 -3.43965 -3.73647 -4.82137 -4.33127 -4.63224 -5.04759 
38 0.00145363 638.741 -1.50911 -1.87278 -3.43962 -3.73651 -4.82209 -4.33114 -4.63217 -5.04756 
39 0.00121736 638.741 -1.50911 -1.87277 -3.43959 -3.73654 -4.8227 -4.33103 -4.63211 -5.04752 
40 0.00101938 638.741 -1.5091 -1.87277 -3.43957 -3.73657 -4.82321 -4.33094 -4.63206 -5.0475 
41 0.000853531 638.741 -1.5091 -1.87276 -3.43956 -3.73659 -4.82364 -4.33087 -4.63201 -5.04748 
---------------------------------------
-1.5091 -1.87276 -3.43956 -3.73659 -4.82364 -4.33087 -4.63201 -5.04748 
0.27553 0.208685 0.24189 0.193965 0.3162 0.175749 0.135259 0.182975 
5.14088e-05 0.000251523 0.000426569 -0.00181385 -0.00826717 0.00367988 0.00383197 0.0011318 
---------------------------------------
***************************************

# 0.005 0.019 0.0425 0.07 0.11 0.17 0.24 0.4 0.603 
-1.509e+00 2.755e-01
-1.873e+00 2.087e-01
-3.440e+00 2.419e-01
-3.737e+00 1.940e-01
-4.824e+00 3.162e-01
-4.331e+00 1.757e-01
-4.632e+00 1.353e-01
-5.047e+00 1.830e-01
***************************************
1 840.542 -6200.79 -0.738215 -1.03373 -2.38708 -2.6905 -3.79496 -3.41916 -4.14479 -7.48786 -1.7361 -2.70327 -1.26782 0.272653 -1.77179 -2.78378 -1 0.93 
2 215.606 409.287 -0.831462 -1.12493 -2.4769 -2.70699 -3.91389 -3.50334 -4.19273 -7.18786 -1.67656 -2.68641 -1.18519 0.328884 -1.74109 -2.80099 -0.93198 0.63 
3 168.063 600.393 -0.91245 -1.22862 -2.56692 -2.72219 -4.05156 -3.58505 -4.25162 -6.88786 -1.57649 -2.70227 -1.0898 0.383281 -1.65989 -2.82301 -0.831154 0.93 
4 59.9995 635.03 -0.986946 -1.34877 -2.65705 -2.73532 -4.21632 -3.66825 -4.30761 -6.58786 -1.43964 -2.73513 -0.973101 0.435709 -1.50759 -2.85253 -0.708051 1.23 
5 30.871 651.374 -1.63679 -2.78243 -3.54913 -2.84711 -6.22898 -4.53276 -4.79354 -3.58786 0.304988 -3.31099 0.506921 0.937229 1.42622 -3.24761 0.719781 4.23 
7 15.5254 661.113 -1.54165 -3.28153 -3.59046 -2.84061 -6.63934 -4.66534 -4.73154 -3.28786 0.825356 -3.83373 1.07646 0.962125 1.78579 -3.42439 1.01047 -1.47 
9 12.012 667.511 -1.35704 -4.04714 -3.54193 -2.8343 -6.56431 -4.81493 -4.63137 -2.98786 1.24265 -5.00398 1.77346 0.981486 2.08579 -3.67318 1.23116 4.23 
11 19.5064 672.052 -1.1165 -4.90868 -3.34483 -2.82797 -5.0443 -4.98211 -4.51267 -2.68786 1.42193 -6.10753 2.47467 0.996123 2.38579 -4.02877 1.34629 0.473828 
13 19.4013 675.382 -0.898716 -5.20868 -2.99303 -2.82195 -2.38089 -5.15948 -4.40505 -3.7357 1.32423 -6.40753 2.89235 1.00704 2.68579 -4.55414 1.35022 1.18847 
15 32.4598 677.914 -0.764219 -5.50868 -2.62444 -2.8165 -2.02362 -5.31549 -4.32632 -4.21159 1.07815 -6.70753 2.79313 1.01692 2.98579 -5.3526 1.28161 1.18311 
17 67.8593 680.099 -0.706037 -2.82769 -2.40642 -2.81195 -2.52823 -5.35708 -4.27801 -4.39678 0.836212 -7.00753 2.35829 1.02626 3.28579 -6.47163 1.18365 1.16739 
19 64.9874 682.051 -0.861329 0.18942 -2.60317 -2.79568 -3.52285 -4.73044 -4.3259 -4.76949 0.253456 -7.30753 1.29055 0.880806 1.25696 -5.92177 0.682033 1.25687 
21 27.9511 682.974 -0.852723 0.48942 -2.58912 -2.79553 -3.56422 -4.55242 -4.31866 -4.76975 0.243586 -7.60753 1.2495 0.890086 1.11702 -6.31957 0.680677 1.24958 
23 10.4136 683.987 -0.845186 0.524977 -2.57874 -2.79528 -3.59307 -4.32092 -4.31273 -4.76824 0.237684 -7.90753 1.21885 0.898905 1.03832 -6.50292 0.679607 1.24247 
25 3.97833 685.179 -0.838132 -0.307679 -2.57049 -2.79493 -3.61248 -4.10599 -4.30785 -4.76548 0.234353 -6.76882 1.19637 0.907199 0.991397 -6.4374 0.679056 1.23543 
27 3.15593 686.284 -0.83185 -0.67295 -2.56365 -2.7946 -3.62533 -3.96205 -4.30376 -4.76201 0.231397 -5.95755 1.17999 0.914986 0.962335 -6.22512 0.678808 1.22829 
29 2.38535 687.282 -0.82635 -0.852774 -2.55768 -2.79426 -3.63361 -3.88945 -4.3003 -4.75808 0.229564 -5.73719 1.16834 0.922378 0.943718 -5.99763 0.678842 1.22119 
31 1.78642 688.198 -0.821415 -0.947006 -2.55225 -2.79394 -3.63876 -3.86032 -4.29736 -4.75385 0.228587 -5.64929 1.16024 0.929385 0.931514 -5.81742 0.679153 1.21411 
33 1.35373 689.048 -0.816919 -1.00069 -2.54719 -2.79361 -3.64173 -3.85124 -4.29484 -4.74942 0.228303 -5.60631 1.1548 0.936023 0.923392 -5.6904 0.679703 1.20711 
34 0.369678 703.439 -0.727386 -0.999726 -2.44247 -2.77999 -3.60249 -3.76211 -4.26 -4.60648 0.266997 -5.56174 1.28431 1.05086 0.938286 -5.32072 0.726686 1.11666 
35 0.119009 703.503 -0.737579 -0.998674 -2.43582 -2.76939 -3.60559 -3.75373 -4.274 -4.62033 0.27128 -5.57143 1.29151 1.06094 0.92428 -5.38023 0.726891 1.08857 
36 0.0551554 706.733 -0.744042 -0.998827 -2.43496 -2.76521 -3.61227 -3.7522 -4.27168 -4.60374 0.276777 -5.56944 1.28261 1.0532 0.916023 -5.42561 0.718456 1.03342 
37 0.0245545 706.776 -0.7433 -0.998962 -2.4353 -2.76589 -3.61109 -3.75359 -4.27189 -4.59347 0.275708 -5.56819 1.27966 1.05135 0.91682 -5.42296 0.71953 1.02114 
38 0.0244494 706.795 -0.743034 -0.999025 -2.43546 -2.76619 -3.61068 -3.75433 -4.27271 -4.58548 0.27546 -5.56765 1.27775 1.05044 0.916724 -5.42196 0.720706 1.00892 
39 0.0218953 706.801 -0.742945 -0.999054 -2.43557 -2.76634 -3.61049 -3.75484 -4.27346 -4.57889 0.275426 -5.56742 1.2765 1.04994 0.916241 -5.42154 0.721727 0.99797 
40 0.0190052 706.803 -0.742919 -0.999069 -2.43566 -2.76641 -3.61039 -3.75524 -4.27407 -4.57334 0.275438 -5.56733 1.27566 1.04964 0.915604 -5.42131 0.722589 0.988467 
41 0.0163325 706.805 -0.742916 -0.999076 -2.43574 -2.76646 -3.61031 -3.75559 -4.27456 -4.56861 0.275454 -5.56729 1.27509 1.04944 0.914926 -5.42116 0.723324 0.980301 
42 0.0139967 706.805 -0.74292 -0.99908 -2.43581 -2.76648 -3.61025 -3.75589 -4.27498 -4.56455 0.275466 -5.56729 1.27468 1.0493 0.914258 -5.42103 0.723958 0.973303 
43 0.0119932 706.806 -0.742926 -0.999082 -2.43588 -2.7665 -3.61021 -3.75616 -4.27533 -4.56108 0.275473 -5.5673 1.27439 1.04919 0.913627 -5.42091 0.724509 0.967306 
44 0.0102846 706.806 -0.742932 -0.999083 -2.43595 -2.7665 -3.61016 -3.7564 -4.27564 -4.55809 0.275477 -5.56732 1.27416 1.0491 0.913043 -5.4208 0.724989 0.962164 
45 0.00882908 706.807 -0.742938 -0.999083 -2.43601 -2.7665 -3.61013 -3.75661 -4.27589 -4.55552 0.275479 -5.56734 1.27399 1.04903 0.912513 -5.42069 0.725409 0.957749 
46 0.00758796 706.807 -0.742943 -0.999083 -2.43606 -2.7665 -3.6101 -3.7568 -4.27612 -4.55331 0.27548 -5.56736 1.27385 1.04897 0.912035 -5.4206 0.725774 0.953955 
47 0.00652807 706.807 -0.742947 -0.999082 -2.4361 -2.7665 -3.61007 -3.75697 -4.27631 -4.5514 0.275481 -5.56737 1.27374 1.04892 0.911609 -5.42051 0.726093 0.950691 
48 0.00562143 706.807 -0.742951 -0.999082 -2.43614 -2.7665 -3.61005 -3.75711 -4.27648 -4.54975 0.275481 -5.56739 1.27364 1.04887 0.911231 -5.42044 0.726371 0.947881 
49 0.00484463 706.807 -0.742954 -0.999082 -2.43618 -2.7665 -3.61003 -3.75724 -4.27662 -4.54833 0.275481 -5.5674 1.27357 1.04883 0.910897 -5.42037 0.726612 0.945458 
50 0.00417811 706.807 -0.742957 -0.999082 -2.43621 -2.76649 -3.61001 -3.75735 -4.27675 -4.5471 0.275481 -5.56742 1.2735 1.0488 0.910603 -5.42031 0.726822 0.943369 
51 0.00360548 706.807 -0.742959 -0.999081 -2.43623 -2.76649 -3.60999 -3.75744 -4.27685 -4.54604 0.275481 -5.56743 1.27345 1.04877 0.910345 -5.42025 0.727004 0.941567 
52 0.00311294 706.807 -0.742962 -0.999081 -2.43626 -2.76649 -3.60998 -3.75753 -4.27695 -4.54512 0.275481 -5.56744 1.2734 1.04874 0.91012 -5.4202 0.727162 0.94001 
53 0.00268889 706.807 -0.742963 -0.999081 -2.43628 -2.76648 -3.60997 -3.7576 -4.27703 -4.54433 0.275481 -5.56745 1.27336 1.04872 0.909923 -5.42016 0.7273 0.938666 
54 0.00232349 706.807 -0.742965 -0.999081 -2.43629 -2.76648 -3.60996 -3.75766 -4.2771 -4.54364 0.275481 -5.56746 1.27333 1.0487 0.909751 -5.42013 0.727419 0.937504 
55 0.0020084 706.807 -0.742966 -0.99908 -2.43631 -2.76648 -3.60995 -3.75772 -4.27716 -4.54305 0.275481 -5.56746 1.2733 1.04869 0.909601 -5.42009 0.727522 0.9365 
56 0.00173653 706.807 -0.742967 -0.99908 -2.43632 -2.76647 -3.60994 -3.75777 -4.27721 -4.54254 0.27548 -5.56747 1.27327 1.04867 0.909471 -5.42006 0.727611 0.935631 
57 0.00150182 706.807 -0.742968 -0.99908 -2.43633 -2.76647 -3.60994 -3.75781 -4.27725 -4.5421 0.27548 -5.56747 1.27325 1.04866 0.909358 -5.42004 0.727689 0.934881 
58 0.0012991 706.807 -0.742969 -0.99908 -2.43634 -2.76647 -3.60993 -3.75785 -4.27729 -4.54171 0.27548 -5.56748 1.27323 1.04865 0.90926 -5.42002 0.727756 0.934231 
59 0.00112395 706.807 -0.74297 -0.99908 -2.43635 -2.76647 -3.60993 -3.75788 -4.27733 -4.54138 0.27548 -5.56748 1.27322 1.04864 0.909174 -5.42 0.727814 0.933669 
60 0.000972558 706.807 -0.742971 -0.99908 -2.43636 -2.76647 -3.60992 -3.7579 -4.27736 -4.54109 0.27548 -5.56748 1.2732 1.04863 0.9091 -5.41998 0.727865 0.933183 
---------------------------------------
-0.742971 -0.99908 -2.43636 -2.76647 -3.60992 -3.7579 -4.27736 -4.54109 0.27548 -5.56748 1.2732 1.04863 0.9091 -5.41998 0.727865 0.933183 
0.014842 0.00823075 0.0848016 0.0763429 0.127127 0.209045 0.218704 0.225995 0.148709 0.0970467 0.343972 0.292985 0.40087 0.549378 0.543659 0.595547 
-0.00572515 0.00235012 -0.00188359 0.000685944 0.000894901 -0.0011238 -0.00106115 0.009941 -3.95e-05 -0.000713876 -0.000234546 -0.000232794 -0.000916562 0.000101634 0.00028207 -0.00157934 
---------------------------------------
***************************************

# 0.005 0.019 0.0425 0.07 0.11 0.17 0.24 0.4 0.603 
-7.430e-01 1.484e-02
-9.991e-01 8.231e-03
-2.436e+00 8.480e-02
-2.766e+00 7.634e-02
-3.610e+00 1.271e-01
-3.758e+00 2.090e-01
-4.277e+00 2.187e-01
-4.541e+00 2.260e-01
2.755e-01 1.487e-01
7.157e-01 9.705e-02
1.273e+00 3.440e-01
1.049e+00 2.930e-01
9.091e-01 4.009e-01
8.632e-01 5.494e-01
7.279e-01 5.437e-01
9.332e-01 5.955e-01
***************************************
***************************************

# 0.005 0.019 0.0425 0.07 0.11 0.17 0.24 0.4 0.603 
6.533e-02 2.816e-01
-9.694e-02 2.103e-01
-1.175e+00 2.185e-01
-1.525e+00 1.729e-01
-2.166e+00 1.536e-01
-2.492e+00 1.538e-01
-3.258e+00 1.803e-01
-9.328e+00 7.607e+01
-1.509e+00 2.755e-01
-1.873e+00 2.087e-01
-3.440e+00 2.419e-01
-3.737e+00 1.940e-01
-4.824e+00 3.162e-01
-4.331e+00 1.757e-01
-4.632e+00 1.353e-01
-5.047e+00 1.830e-01
-7.430e-01 1.484e-02
-9.991e-01 8.231e-03
-2.436e+00 8.480e-02
-2.766e+00 7.634e-02
-3.610e+00 1.271e-01
-3.758e+00 2.090e-01
-4.277e+00 2.187e-01
-4.541e+00 2.260e-01
2.755e-01 1.487e-01
7.157e-01 9.705e-02
1.273e+00 3.440e-01
1.049e+00 2.930e-01
9.091e-01 4.009e-01
8.632e-01 5.494e-01
7.279e-01 5.437e-01
9.332e-01 5.955e-01
***************************************
