1 0.434611 -491.51 0.59964 0.590447 0.569742 0.0600576 -0.0130874 -0.133907 -0.0744009 0.765389 
2 0.434663 -408.447 0.299638 0.220195 0.147297 -0.362399 -0.443438 -0.566426 -0.508462 0.330726 
3 0.434836 -328.241 0.161457 -0.0589404 -0.254948 -0.766055 -0.866736 -0.995477 -0.94184 -0.104109 
4 0.435199 -252.512 0.126512 -0.177032 -0.610092 -1.12575 -1.27204 -1.4162 -1.37407 -0.539308 
5 0.435642 -182.624 0.0980863 -0.158407 -0.885032 -1.39352 -1.63408 -1.81532 -1.80393 -0.974951 
6 0.435981 -120.771 0.0861192 -0.125087 -1.06156 -1.5208 -1.90918 -2.15751 -2.2274 -1.41093 
7 0.435652 -69.9686 0.0798813 -0.108422 -1.14061 -1.54165 -2.06167 -2.38051 -2.6311 -1.84658 
8 0.4362 -31.5681 0.074921 -0.102477 -1.16209 -1.53848 -2.1216 -2.45906 -2.9752 -2.28278 
9 0.440782 -4.59566 0.070836 -0.100136 -1.16698 -1.53802 -2.14419 -2.47657 -3.18347 -2.72357 
10 0.449792 13.4885 0.0679699 -0.0990229 -1.17022 -1.53795 -2.15339 -2.48548 -3.23625 -3.17336 
11 0.466438 24.952 0.0664442 -0.0983808 -1.17255 -1.53545 -2.1578 -2.48827 -3.24357 -3.6398 
12 0.525645 30.7833 0.0657617 -0.097803 -1.17374 -1.53166 -2.16103 -2.48922 -3.24754 -4.16544 
13 0.782952 32.9614 0.065477 -0.0973134 -1.17437 -1.5282 -2.16356 -2.48991 -3.247 -4.94839 
14 2.75971 33.6039 0.0654452 -0.0971805 -1.17451 -1.52711 -2.1643 -2.4901 -3.24638 -6.32825 
15 57.466 33.7075 0.065424 -0.0970835 -1.17461 -1.52629 -2.16485 -2.49023 -3.2459 -9.32825 
16 0.01254 33.7117 0.0654031 -0.0970511 -1.1747 -1.52588 -2.16546 -2.49098 -3.25217 -9.32825 
17 0.00626569 33.7136 0.0653712 -0.0970086 -1.17477 -1.52567 -2.16585 -2.49144 -3.2553 -9.32825 
18 0.00310111 33.714 0.0653492 -0.0969757 -1.17483 -1.52556 -2.16607 -2.4917 -3.25685 -9.32825 
19 0.0015287 33.7141 0.0653367 -0.0969539 -1.17486 -1.5255 -2.16621 -2.49185 -3.25762 -9.32825 
20 0.000752654 33.7142 0.0653303 -0.0969406 -1.17489 -1.52547 -2.16629 -2.49193 -3.25799 -9.32825 
---------------------------------------
0.0653303 -0.0969406 -1.17489 -1.52547 -2.16629 -2.49193 -3.25799 -9.32825 
0.281565 0.210257 0.218489 0.17294 0.153595 0.153835 0.180313 76.0678 
-0.000147453 0.000528689 -0.000861221 0.00189264 -0.00704766 -0.00804058 -0.0230055 -9.92274e-06 
---------------------------------------
***************************************

# 0.005 0.019 0.0425 0.07 0.11 0.17 0.24 0.4 0.603 
6.533e-02 2.816e-01
-9.694e-02 2.103e-01
-1.175e+00 2.185e-01
-1.525e+00 1.729e-01
-2.166e+00 1.536e-01
-2.492e+00 1.538e-01
-3.258e+00 1.803e-01
-9.328e+00 7.607e+01
***************************************
1 0.454667 32.994 -0.981931 -1.24839 -1.16276 1.95554 -1.1782 -1.95467 -1.43488 -3.4987 
2 0.569726 74.6433 -1.21499 -1.51553 -1.61249 1.52097 -1.61772 -2.41366 -1.86495 -4.06842 
3 1.0163 113.83 -1.29018 -1.65546 -2.06673 1.08621 -2.05887 -2.8763 -2.28935 -5.08472 
4 4.30402 150.102 -1.34439 -1.70177 -2.50106 0.651389 -2.50104 -3.33569 -2.70835 -8.08472 
5 2141.72 182.918 -1.38485 -1.71527 -2.9047 0.217129 -2.94295 -3.76033 -3.12206 -11.0847 
6 0.432064 211.613 -1.40611 -1.72679 -3.29589 -0.214011 -3.37501 -4.08157 -3.54585 -11.0847 
7 0.423829 235.305 -1.4229 -1.74367 -3.67311 -0.637839 -3.74122 -4.12475 -3.92753 -11.0847 
8 0.411823 251.501 -1.44126 -1.7568 -4.00689 -1.04966 -3.91519 -4.17833 -4.18921 -11.0847 
9 0.402642 261.474 -1.46115 -1.75707 -4.06708 -1.4523 -3.88385 -4.25637 -4.27184 -11.0847 
10 0.424748 268.956 -1.47511 -1.75335 -3.64233 -1.86574 -3.84737 -4.22746 -4.2856 -11.0847 
11 0.432855 276.21 -1.47508 -1.76352 -3.5729 -2.29859 -3.83166 -4.24783 -4.27984 -11.0847 
12 0.435907 283.056 -1.48249 -1.76178 -3.53954 -2.7345 -3.84597 -4.20485 -4.28607 -11.0847 
13 0.423442 288.77 -1.48532 -1.76379 -3.57836 -3.15794 -3.84122 -4.18698 -4.28903 -11.0847 
14 0.375215 292.806 -1.49135 -1.76551 -3.64158 -3.53316 -3.83372 -4.13065 -4.30761 -11.0847 
15 0.281407 294.896 -1.49546 -1.76869 -3.66419 -3.81457 -3.82705 -4.11828 -4.31213 -11.0847 
16 0.167882 295.58 -1.49637 -1.77093 -3.64763 -3.89851 -3.82753 -4.11153 -4.31251 -11.0847 
17 0.129895 295.673 -1.4968 -1.77345 -3.63196 -3.96345 -3.82725 -4.10741 -4.31149 -11.0847 
18 0.0997914 295.721 -1.497 -1.77584 -3.6177 -4.01335 -3.82658 -4.10437 -4.31 -11.0847 
19 0.0765878 295.747 -1.49707 -1.77794 -3.60532 -4.05164 -3.82575 -4.10198 -4.30843 -11.0847 
20 0.058901 295.761 -1.49707 -1.77971 -3.59498 -4.08109 -3.82488 -4.10007 -4.30694 -11.0847 
21 0.045439 295.768 -1.49703 -1.78116 -3.58655 -4.10381 -3.82406 -4.09853 -4.30564 -11.0847 
22 0.0351599 295.773 -1.49698 -1.78231 -3.57979 -4.12139 -3.82333 -4.09729 -4.30453 -11.0847 
23 0.0272745 295.776 -1.49693 -1.78322 -3.57442 -4.13503 -3.82271 -4.09631 -4.30361 -11.0847 
24 0.0211977 295.777 -1.49689 -1.78393 -3.57019 -4.14563 -3.82219 -4.09553 -4.30286 -11.0847 
25 0.016497 295.778 -1.49685 -1.78449 -3.56687 -4.15388 -3.82177 -4.09492 -4.30226 -11.0847 
26 0.0128506 295.779 -1.49681 -1.78492 -3.56427 -4.1603 -3.82143 -4.09444 -4.30178 -11.0847 
27 0.0100162 295.779 -1.49678 -1.78525 -3.56223 -4.16531 -3.82116 -4.09406 -4.3014 -11.0847 
28 0.00780991 295.779 -1.49676 -1.78551 -3.56064 -4.16922 -3.82095 -4.09376 -4.30111 -11.0847 
29 0.00609104 295.78 -1.49674 -1.78571 -3.5594 -4.17226 -3.82078 -4.09353 -4.30087 -11.0847 
30 0.00475111 295.78 -1.49673 -1.78587 -3.55843 -4.17464 -3.82064 -4.09334 -4.30069 -11.0847 
31 0.00370622 295.78 -1.49671 -1.78599 -3.55768 -4.17649 -3.82054 -4.0932 -4.30054 -11.0847 
32 0.00289123 295.78 -1.4967 -1.78608 -3.55709 -4.17794 -3.82045 -4.09309 -4.30043 -11.0847 
33 0.00225549 295.78 -1.4967 -1.78616 -3.55663 -4.17906 -3.82039 -4.093 -4.30034 -11.0847 
34 0.00175953 295.78 -1.49669 -1.78621 -3.55627 -4.17994 -3.82034 -4.09293 -4.30027 -11.0847 
35 0.00137263 295.78 -1.49669 -1.78626 -3.55599 -4.18063 -3.8203 -4.09288 -4.30022 -11.0847 
36 0.00107079 295.78 -1.49668 -1.78629 -3.55577 -4.18117 -3.82027 -4.09284 -4.30017 -11.0847 
37 0.000835311 295.78 -1.49668 -1.78632 -3.5556 -4.18158 -3.82025 -4.09281 -4.30014 -11.0847 
---------------------------------------
-1.49668 -1.78632 -3.5556 -4.18158 -3.82025 -4.09281 -4.30014 -11.0847 
0.325451 0.281331 0.501945 0.141194 0.25067 0.573531 0.138016 5718.2 
1.9077e-05 -0.00098936 0.00179365 -0.00266878 0.000366049 0.000540799 0.0009505 -1.49883e-06 
---------------------------------------
***************************************

# 0.005 0.019 0.0425 0.07 0.11 0.17 0.24 0.4 0.603 
-1.497e+00 3.255e-01
-1.786e+00 2.813e-01
-3.556e+00 5.019e-01
-4.182e+00 1.412e-01
-3.820e+00 2.507e-01
-4.093e+00 5.735e-01
-4.300e+00 1.380e-01
-1.108e+01 5.718e+03
***************************************
1 1.35641e+07 -2748.09 -0.74714 -0.991466 -2.16248 -2.67642 -3.11465 -3.59237 -4.07907 -9.90648 -1.95429 -2.71761 -1.36116 0.155936 -2.3 -2.4 -1 0.93 
4 467957 -615.22 -0.825011 -1.02119 -2.37007 -2.86296 -3.03703 -3.40615 -3.8138 -9.87648 -1.8592 -2.61756 -1.23767 0.0478823 -1.98052 -2.68873 -1.32623 0.66 
5 99814.3 217.289 -1.63101 -1.95056 -3.15366 -2.98134 -3.63351 -4.21749 -4.08367 -6.87648 -0.932595 -2.8439 -1.03484 0.167982 -1.3424 -3.29087 -2.02158 0.66 
6 595.283 327.371 -0.186089 -4.95056 -5.86037 -3.18704 -4.63856 -5.80603 -4.21565 -3.87648 2.0674 -5.8439 0.862024 0.479331 1.6576 -6.29087 -2.29851 -2.34 
8 226.28 329.564 0.0238671 -5.25056 -6.42434 -3.20467 -4.34378 -5.50413 -4.22547 -3.57648 2.3674 -6.1439 2.15485 0.515435 1.9576 -6.59087 -2.30894 -2.64 
10 79.4046 331.18 -0.100829 -5.55056 -6.72434 -3.21771 -3.77051 -4.53152 -4.23437 -3.27648 1.48831 -6.4439 2.45485 0.549884 2.2576 -6.89087 -2.3214 -2.94 
12 75.6601 332.426 -0.763739 -5.85056 -7.02434 -3.13494 -3.46511 -3.87735 -4.18192 -2.97648 0.249394 -6.7439 2.75485 0.422013 1.85002 -7.19087 -2.21696 -1.86129 
14 156.694 333.136 -0.7804 -2.16823 -6.75773 -3.14257 -3.27136 -3.43991 -4.1879 -2.67648 0.192361 -7.0439 3.05485 0.437824 1.60889 -7.49087 -2.22545 2.59787 
16 139.353 333.904 -0.791684 -0.0523297 -1.56768 -3.14924 -3.17501 -3.29106 -4.19677 -2.37648 0.157435 -7.3439 3.35485 0.454041 1.32268 -6.68288 -2.23924 -1.93005 
18 63.2016 334.728 -0.798892 0.24767 -1.26768 -3.15662 -3.14076 -3.35741 -4.20726 -2.79832 0.13595 -7.6439 3.65485 0.470632 1.09553 -5.99911 -2.24962 -0.00998645 
20 25.6035 335.699 -0.80297 0.54767 -0.967675 -3.16458 -3.13369 -3.44059 -4.22123 -3.66528 0.122827 -7.9439 3.95485 0.485976 0.942518 -5.68683 -2.26567 -0.0965238 
22 8.6342 336.755 -0.804638 0.84767 -0.667675 -3.17358 -3.13549 -3.49875 -4.23381 -3.91575 0.115188 -7.87747 4.25485 0.501853 0.841786 -5.53652 -2.28129 -0.111059 
24 3.30589 338.077 -0.804374 -0.360004 -1.71473 -3.18561 -3.14043 -3.53579 -4.24603 -4.02917 0.110878 -5.81027 2.47463 0.517315 0.776891 -5.45925 -2.29532 -0.118858 
26 2.14759 339.199 -0.803593 -0.707016 -2.12858 -3.19687 -3.14415 -3.55916 -4.25812 -4.09041 0.108205 -5.66979 1.9999 0.532892 0.733842 -5.41425 -2.31024 -0.121271 
28 1.58149 340.207 -0.802243 -0.855976 -2.30426 -3.20769 -3.14616 -3.57373 -4.27018 -4.12614 0.106575 -5.62824 1.87477 0.548519 0.70501 -5.38601 -2.32619 -0.121335 
30 1.24357 341.136 -0.800475 -0.93359 -2.39414 -3.21827 -3.14674 -3.58249 -4.28224 -4.1476 0.10572 -5.61073 1.82405 0.564102 0.685488 -5.3676 -2.343 -0.120523 
32 1.01783 342.003 -0.798419 -0.977843 -2.44483 -3.22869 -3.14618 -3.58736 -4.29434 -4.16054 0.105431 -5.60206 1.79893 0.579605 0.67218 -5.35519 -2.36065 -0.11937 
33 0.412918 356.907 -0.722095 -0.949546 -2.39369 -3.59638 -3.04724 -3.45211 -4.61189 -4.09293 0.138845 -5.59925 1.77788 0.719137 0.672581 -5.3222 -2.77357 -0.164302 
34 1.18484 359.632 -0.737879 -0.95069 -2.37685 -3.59829 -3.05389 -3.44056 -4.75497 -4.06652 0.16217 -5.59091 1.81283 0.965954 0.637012 -5.4043 -3.95841 -0.176143 
35 1.0813 362.347 -0.733961 -0.950434 -2.37581 -3.77737 -3.04742 -3.4303 -4.09403 -4.06131 0.157618 -5.58105 1.71893 1.33648 0.575279 -5.46573 -2.87711 -0.145121 
36 8.85829 287.422 -0.729207 -0.955421 -2.37448 -5.36903 -3.05512 -3.42346 -4.20129 -4.05823 -0.287038 -5.83329 1.90505 -1.66352 0.852066 -5.27379 -2.84228 -0.146664 
38 7.40694 359.15 -0.726371 -0.954585 -2.37105 -5.1122 -3.05236 -3.41836 -4.23257 -4.0585 -0.160082 -5.83515 1.91166 -1.96352 0.869169 -5.22988 -2.83389 -0.158927 
40 3.74948 363.245 -0.730728 -0.95216 -2.37269 -4.03003 -3.04943 -3.42318 -4.17052 -4.06001 0.0218134 -5.7068 1.81381 -2.26352 0.725167 -5.3407 -2.86027 -0.158325 
42 1.31719 363.784 -0.732654 -0.951541 -2.3742 -3.92972 -3.04896 -3.42676 -4.13477 -4.06054 0.079849 -5.64888 1.77071 -0.22211 0.656428 -5.39886 -2.87002 -0.15202 
43 1.26544 363.627 -0.734653 -0.951446 -2.37427 -4.26807 -3.04909 -3.42884 -4.11919 -4.06066 0.142176 -5.60938 1.74648 0.410611 0.616317 -5.42547 -2.88054 -0.150842 
44 12.6865 359.628 -0.732165 -0.952897 -2.37292 -3.27926 -3.05086 -3.42307 -4.17178 -4.05985 -0.000419608 -5.71148 1.8165 -2.58939 0.730571 -5.34033 -2.86428 -0.157226 
46 5.25671 362.452 -0.730804 -0.953091 -2.37185 -2.38796 -3.051 -3.42035 -4.19485 -4.05967 -0.0373002 -5.74612 1.83969 -2.88939 0.771224 -5.30564 -2.85984 -0.162676 
48 0.530182 363.975 -0.733639 -0.951892 -2.37325 -3.77431 -3.04969 -3.42625 -4.14326 -4.06038 0.0970688 -5.64703 1.77242 -0.45448 0.660576 -5.38859 -2.87718 -0.155886 
49 0.75006 363.034 -0.735771 -0.951704 -2.37339 -4.1405 -3.04951 -3.42945 -4.12108 -4.0605 0.177627 -5.5939 1.74091 -0.0794499 0.60592 -5.42439 -2.88944 -0.152897 
50 8.46876 356.207 -0.734047 -0.954145 -2.37194 -2.11255 -3.05316 -3.42164 -4.18907 -4.05942 -0.02289 -5.72897 1.83057 -3.07945 0.756332 -5.31663 -2.87006 -0.159779 
52 1.69803 362.052 -0.732287 -0.954187 -2.3703 -2.23968 -3.05313 -3.41834 -4.2159 -4.05933 -0.0403258 -5.75511 1.84886 -2.02792 0.790986 -5.27958 -2.86746 -0.166866 
54 0.279624 363.736 -0.734544 -0.952376 -2.37196 -3.62809 -3.05058 -3.42602 -4.15302 -4.06015 0.113669 -5.64085 1.77192 -0.545381 0.661137 -5.37734 -2.8868 -0.159226 
55 0.611174 362.842 -0.736514 -0.952036 -2.37207 -3.93368 -3.05 -3.4302 -4.1263 -4.06025 0.201273 -5.57967 1.73644 -0.314314 0.597248 -5.41824 -2.90065 -0.155238 
56 4.01514 353.717 -0.735919 -0.955357 -2.37066 -2.34791 -3.05564 -3.421 -4.20283 -4.05906 -0.0341778 -5.73316 1.83352 -2.32188 0.767822 -5.30059 -2.88212 -0.162196 
58 1.22532 361.738 -0.733603 -0.955344 -2.3688 -2.54979 -3.05552 -3.41726 -4.23185 -4.05903 -0.0479806 -5.75817 1.84983 -1.24444 0.801521 -5.26248 -2.88027 -0.169663 
60 0.199859 363.65 -0.735198 -0.952936 -2.37049 -3.55264 -3.05162 -3.4261 -4.16267 -4.05989 0.121121 -5.63459 1.76993 -0.575091 0.660564 -5.36629 -2.89843 -0.16181 
61 0.584809 362.309 -0.737232 -0.952386 -2.37062 -3.84505 -3.05055 -3.43129 -4.13021 -4.05999 0.222956 -5.56256 1.73019 -0.38946 0.585338 -5.41354 -2.91293 -0.156582 
62 3.1282 348.758 -0.738172 -0.957106 -2.36925 -2.32921 -3.05898 -3.42041 -4.21901 -4.05853 -0.0645496 -5.74405 1.83937 -1.95356 0.78615 -5.28061 -2.89585 -0.162983 
64 1.08043 361.246 -0.734882 -0.95694 -2.36694 -2.61304 -3.05854 -3.41609 -4.25114 -4.05858 -0.064025 -5.76623 1.85297 -1.08874 0.817626 -5.24074 -2.89473 -0.171108 
66 0.167829 363.52 -0.734594 -0.954 -2.36747 -3.41759 -3.05372 -3.4239 -4.19507 -4.05943 0.0822525 -5.65678 1.78208 -0.568162 0.692431 -5.32517 -2.91373 -0.168273 
68 0.0963265 363.803 -0.735909 -0.953369 -2.36882 -3.56797 -3.05252 -3.42736 -4.16606 -4.05964 0.139409 -5.61603 1.75919 -0.548795 0.64548 -5.36435 -2.91468 -0.162941 
69 0.290005 364.078 -0.736398 -0.95292 -2.36862 -3.71298 -3.0518 -3.4296 -4.15247 -4.05972 0.182091 -5.58453 1.74138 -0.441777 0.611835 -5.38389 -2.92169 -0.161434 
70 0.993609 360.011 -0.735419 -0.954652 -2.36787 -3.21617 -3.05498 -3.42389 -4.19558 -4.05931 0.0398691 -5.67333 1.78864 -0.859335 0.707125 -5.32289 -2.91435 -0.166844 
72 0.48778 363.203 -0.73434 -0.954824 -2.36722 -3.17552 -3.05543 -3.42203 -4.20946 -4.05928 0.00941088 -5.69565 1.79905 -0.812266 0.730886 -5.3047 -2.91392 -0.169919 
74 0.0568642 364.437 -0.735647 -0.95337 -2.36799 -3.58609 -3.05275 -3.42755 -4.16872 -4.05962 0.134856 -5.61407 1.75581 -0.515808 0.643172 -5.36176 -2.92131 -0.16432 
75 0.282656 363.944 -0.736435 -0.95293 -2.36802 -3.72741 -3.05192 -3.42976 -4.1539 -4.05969 0.190153 -5.57944 1.73856 -0.413223 0.607922 -5.3826 -2.92596 -0.162138 
76 1.21575 354.037 -0.735773 -0.955118 -2.36742 -3.11954 -3.05593 -3.42331 -4.20291 -4.05918 0.00769314 -5.68643 1.79396 -0.980069 0.721214 -5.31324 -2.91766 -0.167775 
78 0.558169 362.616 -0.734516 -0.955214 -2.36681 -3.10846 -3.05623 -3.42148 -4.21583 -4.05919 -0.0149717 -5.70653 1.80314 -0.878231 0.742563 -5.29662 -2.91685 -0.170735 
80 0.0563636 364.565 -0.735775 -0.953462 -2.3675 -3.58263 -3.05301 -3.42763 -4.17048 -4.05957 0.136375 -5.61181 1.75419 -0.514297 0.641842 -5.35995 -2.92505 -0.164814 
81 0.267984 363.838 -0.736537 -0.953018 -2.36754 -3.71662 -3.05215 -3.42976 -4.15599 -4.05964 0.191648 -5.57792 1.73776 -0.419468 0.607564 -5.38013 -2.92913 -0.162658 
82 1.16733 352.835 -0.735965 -0.955226 -2.36699 -3.13295 -3.05621 -3.4234 -4.20438 -4.05914 0.00798532 -5.68428 1.79182 -0.948205 0.719778 -5.31216 -2.92142 -0.168169 
84 0.535147 362.573 -0.734726 -0.955321 -2.36641 -3.12311 -3.0565 -3.42164 -4.21665 -4.05916 -0.0140086 -5.70372 1.80048 -0.856847 0.740189 -5.29648 -2.92068 -0.170946 
86 0.0511851 364.626 -0.735525 -0.953652 -2.36675 -3.55355 -3.05352 -3.42703 -4.17747 -4.05951 0.1221 -5.6191 1.75662 -0.517222 0.650127 -5.35127 -2.92901 -0.166352 
88 0.0313252 364.756 -0.736006 -0.953451 -2.36707 -3.60498 -3.05307 -3.42809 -4.16928 -4.05955 0.14726 -5.60378 1.74976 -0.495772 0.63439 -5.36215 -2.92903 -0.164824 
89 0.056855 365.175 -0.736047 -0.953349 -2.367 -3.6334 -3.05291 -3.42843 -4.16716 -4.05957 0.156286 -5.59808 1.74671 -0.470393 0.628456 -5.36523 -2.93018 -0.164656 
90 0.16397 364.632 -0.735656 -0.953649 -2.36685 -3.55142 -3.05351 -3.42722 -4.17603 -4.05951 0.12196 -5.61785 1.75592 -0.530483 0.648481 -5.35306 -2.92887 -0.165995 
92 0.0856589 365.223 -0.735761 -0.953535 -2.36688 -3.58238 -3.05329 -3.42763 -4.17302 -4.05953 0.133839 -5.61096 1.7526 -0.505749 0.641431 -5.35724 -2.92946 -0.165588 
94 0.0442279 365.448 -0.735827 -0.953475 -2.36689 -3.59881 -3.05318 -3.42786 -4.17136 -4.05954 0.14038 -5.60715 1.75078 -0.493082 0.637554 -5.35953 -2.9298 -0.165355 
95 0.169143 358.268 -0.736324 -0.953181 -2.36697 -3.68338 -3.05259 -3.42918 -4.16209 -4.05959 0.178574 -5.58527 1.74072 -0.432406 0.615802 -5.37231 -2.93175 -0.163938 
96 0.725642 353.446 -0.735605 -0.954562 -2.36664 -3.32056 -3.05516 -3.42482 -4.19473 -4.05931 0.0477688 -5.65919 1.77661 -0.746659 0.692174 -5.32696 -2.92644 -0.168028 
98 0.351747 363.046 -0.734954 -0.954661 -2.3664 -3.29535 -3.05543 -3.42382 -4.20171 -4.0593 0.0280847 -5.6727 1.78239 -0.729606 0.705634 -5.31783 -2.92578 -0.169484 
100 0.0256938 365.173 -0.735787 -0.953552 -2.36664 -3.58623 -3.05337 -3.42765 -4.17375 -4.05952 0.135636 -5.60965 1.75168 -0.498012 0.640501 -5.35655 -2.93114 -0.165842 
102 0.0130646 365.276 -0.736007 -0.953455 -2.36677 -3.61195 -3.05315 -3.42814 -4.17005 -4.05954 0.14875 -5.60213 1.74843 -0.484637 0.632974 -5.36149 -2.93122 -0.165172 
103 0.0188056 365.695 -0.736013 -0.953421 -2.36673 -3.62136 -3.0531 -3.42824 -4.16942 -4.05954 0.151696 -5.60032 1.74746 -0.475714 0.631094 -5.36242 -2.93161 -0.165134 
104 0.0514037 365.736 -0.735871 -0.953515 -2.36669 -3.59565 -3.05329 -3.42784 -4.17231 -4.05953 0.140117 -5.60686 1.75042 -0.493901 0.63764 -5.35847 -2.93121 -0.165585 
106 0.026761 365.955 -0.735914 -0.953479 -2.36669 -3.60541 -3.05322 -3.42798 -4.1713 -4.05953 0.144228 -5.60452 1.74933 -0.486495 0.635277 -5.35986 -2.9314 -0.165439 
108 0.0136237 366.059 -0.735938 -0.95346 -2.3667 -3.61064 -3.05318 -3.42806 -4.17076 -4.05954 0.146456 -5.60325 1.74874 -0.482554 0.633998 -5.36061 -2.9315 -0.165361 
109 0.0556467 365.005 -0.736081 -0.95336 -2.36672 -3.63846 -3.05299 -3.42847 -4.1678 -4.05955 0.15874 -5.59627 1.74552 -0.461913 0.627039 -5.36468 -2.9321 -0.164925 
110 0.212033 362.288 -0.735659 -0.953754 -2.36661 -3.53244 -3.05375 -3.427 -4.17855 -4.05948 0.11474 -5.62109 1.75709 -0.544767 0.652108 -5.34987 -2.93024 -0.166448 
112 0.110402 364.898 -0.735526 -0.953806 -2.36657 -3.51746 -3.05387 -3.42672 -4.18055 -4.05947 0.106833 -5.62561 1.75907 -0.553072 0.656542 -5.34716 -2.92997 -0.166795 
114 0.00703993 366.243 -0.735957 -0.953453 -2.36668 -3.6133 -3.05317 -3.4281 -4.17054 -4.05954 0.147692 -5.60249 1.74836 -0.480422 0.633271 -5.36094 -2.93171 -0.16534 
115 0.030562 366.435 -0.736031 -0.953397 -2.36669 -3.62858 -3.05307 -3.42833 -4.16894 -4.05955 0.154356 -5.59871 1.74661 -0.468931 0.629491 -5.36314 -2.93204 -0.165108 
116 0.112749 364.393 -0.735778 -0.953605 -2.36663 -3.5722 -3.05347 -3.42752 -4.17482 -4.05951 0.130202 -5.61232 1.7529 -0.511851 0.643173 -5.35506 -2.93102 -0.165961 
118 0.0594143 365.722 -0.735861 -0.953527 -2.36665 -3.59323 -3.05332 -3.42781 -4.1727 -4.05952 0.138925 -5.6074 1.75061 -0.495327 0.638208 -5.35798 -2.9314 -0.165664 
120 0.0314142 366.282 -0.735909 -0.953487 -2.36666 -3.60426 -3.05324 -3.42797 -4.17156 -4.05953 0.143628 -5.60475 1.74937 -0.486898 0.635538 -5.35955 -2.93161 -0.1655 
122 0.0165671 366.548 -0.735937 -0.953465 -2.36667 -3.61012 -3.0532 -3.42805 -4.17094 -4.05953 0.146162 -5.60332 1.74871 -0.482486 0.634102 -5.36039 -2.93172 -0.16541 
124 0.00866153 366.686 -0.735952 -0.953454 -2.36667 -3.61324 -3.05318 -3.4281 -4.17061 -4.05954 0.147524 -5.60255 1.74836 -0.480144 0.633331 -5.36085 -2.93178 -0.165362 
126 0.00444705 366.767 -0.73596 -0.953448 -2.36667 -3.61492 -3.05317 -3.42812 -4.17044 -4.05954 0.148255 -5.60213 1.74817 -0.47889 0.632917 -5.36109 -2.93182 -0.165336 
127 0.0179078 366.435 -0.736005 -0.953415 -2.36668 -3.62387 -3.0531 -3.42825 -4.16949 -4.05954 0.152193 -5.59991 1.74714 -0.472195 0.630694 -5.36239 -2.932 -0.165197 
128 0.0658644 365.382 -0.735849 -0.953536 -2.36664 -3.59094 -3.05334 -3.42777 -4.17296 -4.05952 0.137872 -5.60797 1.75086 -0.497005 0.638778 -5.35762 -2.93139 -0.165706 
130 0.0349125 366.286 -0.735902 -0.953491 -2.36665 -3.60312 -3.05325 -3.42795 -4.1717 -4.05953 0.143067 -5.60505 1.7495 -0.487653 0.635836 -5.35935 -2.93161 -0.165525 
132 0.0185365 366.755 -0.735933 -0.953467 -2.36666 -3.60956 -3.05321 -3.42804 -4.17103 -4.05953 0.145861 -5.60347 1.74877 -0.482787 0.634257 -5.36028 -2.93174 -0.165426 
134 0.00982679 367.019 -0.735949 -0.953455 -2.36666 -3.61299 -3.05318 -3.42809 -4.17067 -4.05954 0.147362 -5.60262 1.74838 -0.480219 0.63341 -5.36078 -2.9318 -0.165373 
136 0.0051837 367.175 -0.735958 -0.953448 -2.36667 -3.61482 -3.05317 -3.42812 -4.17047 -4.05954 0.148166 -5.60217 1.74818 -0.478853 0.632956 -5.36105 -2.93184 -0.165344 
138 0.00270709 367.273 -0.735963 -0.953445 -2.36667 -3.6158 -3.05316 -3.42813 -4.17037 -4.05954 0.148597 -5.60193 1.74806 -0.478122 0.632713 -5.36119 -2.93186 -0.165329 
140 0.00138639 367.34 -0.735966 -0.953443 -2.36667 -3.61632 -3.05316 -3.42814 -4.17031 -4.05954 0.148827 -5.6018 1.748 -0.477729 0.632583 -5.36127 -2.93187 -0.165321 
141 0.00563265 368.12 -0.735979 -0.953432 -2.36667 -3.61914 -3.05314 -3.42818 -4.17002 -4.05954 0.150061 -5.6011 1.74768 -0.475615 0.631886 -5.36168 -2.93193 -0.165278 
142 0.0204357 366.807 -0.735928 -0.95347 -2.36666 -3.60892 -3.05321 -3.42803 -4.17111 -4.05953 0.14555 -5.60364 1.74885 -0.483217 0.634426 -5.36018 -2.93173 -0.165439 
144 0.0108889 367.249 -0.735947 -0.953456 -2.36666 -3.61267 -3.05319 -3.42809 -4.17071 -4.05954 0.147194 -5.60272 1.74842 -0.480404 0.633499 -5.36072 -2.9318 -0.165381 
146 0.00580133 367.558 -0.735957 -0.953449 -2.36666 -3.61467 -3.05317 -3.42812 -4.1705 -4.05954 0.148075 -5.60222 1.74819 -0.478913 0.633003 -5.36102 -2.93184 -0.165349 
148 0.00308502 367.778 -0.735962 -0.953445 -2.36667 -3.61574 -3.05316 -3.42813 -4.17038 -4.05954 0.148546 -5.60195 1.74807 -0.478119 0.632737 -5.36117 -2.93186 -0.165332 
150 0.0016351 367.934 -0.735965 -0.953443 -2.36667 -3.61631 -3.05316 -3.42814 -4.17032 -4.05954 0.148798 -5.60181 1.74801 -0.477695 0.632595 -5.36126 -2.93187 -0.165323 
152 0.000861021 368.044 -0.735966 -0.953442 -2.36667 -3.61662 -3.05316 -3.42814 -4.17029 -4.05954 0.148934 -5.60174 1.74797 -0.477466 0.632519 -5.3613 -2.93188 -0.165319 
---------------------------------------
-0.735966 -0.953442 -2.36667 -3.61662 -3.05316 -3.42814 -4.17029 -4.05954 0.148934 -5.60174 1.74797 -0.477466 0.632519 -5.3613 -2.93188 -0.165319 
0.000237174 7.58191e-05 0.000263264 0.011552 0.000602834 0.000848106 0.00105754 9.30321e-05 0.00324642 0.00134664 0.00209678 0.0259671 0.0028067 0.00236242 0.00246094 0.00101993 
229139 1.25324e+06 526845 -2122.6 285251 240211 227631 8.98703e+06 1617.61 -5188.41 17952.8 242.181 31857.9 10635.5 49663.1 -597492 
---------------------------------------
***************************************

# 0.005 0.019 0.0425 0.07 0.11 0.17 0.24 0.4 0.603 
-7.360e-01 2.372e-04
-9.534e-01 7.582e-05
-2.367e+00 2.633e-04
-3.617e+00 1.155e-02
-3.053e+00 6.028e-04
-3.428e+00 8.481e-04
-4.170e+00 1.058e-03
-4.060e+00 9.303e-05
1.489e-01 3.246e-03
6.815e-01 1.347e-03
1.748e+00 2.097e-03
-4.775e-01 2.597e-02
6.325e-01 2.807e-03
9.219e-01 2.362e-03
-2.932e+00 2.461e-03
-1.653e-01 1.020e-03
***************************************
***************************************

# 0.005 0.019 0.0425 0.07 0.11 0.17 0.24 0.4 0.603 
6.533e-02 2.816e-01
-9.694e-02 2.103e-01
-1.175e+00 2.185e-01
-1.525e+00 1.729e-01
-2.166e+00 1.536e-01
-2.492e+00 1.538e-01
-3.258e+00 1.803e-01
-9.328e+00 7.607e+01
-1.497e+00 3.255e-01
-1.786e+00 2.813e-01
-3.556e+00 5.019e-01
-4.182e+00 1.412e-01
-3.820e+00 2.507e-01
-4.093e+00 5.735e-01
-4.300e+00 1.380e-01
-1.108e+01 5.718e+03
-7.360e-01 2.372e-04
-9.534e-01 7.582e-05
-2.367e+00 2.633e-04
-3.617e+00 1.155e-02
-3.053e+00 6.028e-04
-3.428e+00 8.481e-04
-4.170e+00 1.058e-03
-4.060e+00 9.303e-05
1.489e-01 3.246e-03
6.815e-01 1.347e-03
1.748e+00 2.097e-03
-4.775e-01 2.597e-02
6.325e-01 2.807e-03
9.219e-01 2.362e-03
-2.932e+00 2.461e-03
-1.653e-01 1.020e-03
***************************************
