1 0.434611 -491.51 0.59964 0.590447 0.569742 0.0600576 -0.0130874 -0.133907 -0.0744009 0.765389 
2 0.434663 -408.447 0.299638 0.220195 0.147297 -0.362399 -0.443438 -0.566426 -0.508462 0.330726 
3 0.434836 -328.241 0.161457 -0.0589404 -0.254948 -0.766055 -0.866736 -0.995477 -0.94184 -0.104109 
4 0.435199 -252.512 0.126512 -0.177032 -0.610092 -1.12575 -1.27204 -1.4162 -1.37407 -0.539308 
5 0.435642 -182.624 0.0980863 -0.158407 -0.885032 -1.39352 -1.63408 -1.81532 -1.80393 -0.974951 
6 0.435981 -120.771 0.0861192 -0.125087 -1.06156 -1.5208 -1.90918 -2.15751 -2.2274 -1.41093 
7 0.435652 -69.9686 0.0798813 -0.108422 -1.14061 -1.54165 -2.06167 -2.38051 -2.6311 -1.84658 
8 0.4362 -31.5681 0.074921 -0.102477 -1.16209 -1.53848 -2.1216 -2.45906 -2.9752 -2.28278 
9 0.440782 -4.59566 0.070836 -0.100136 -1.16698 -1.53802 -2.14419 -2.47657 -3.18347 -2.72357 
10 0.449792 13.4885 0.0679699 -0.0990229 -1.17022 -1.53795 -2.15339 -2.48548 -3.23625 -3.17336 
11 0.466438 24.952 0.0664442 -0.0983808 -1.17255 -1.53545 -2.1578 -2.48827 -3.24357 -3.6398 
12 0.525645 30.7833 0.0657617 -0.097803 -1.17374 -1.53166 -2.16103 -2.48922 -3.24754 -4.16544 
13 0.782952 32.9614 0.065477 -0.0973134 -1.17437 -1.5282 -2.16356 -2.48991 -3.247 -4.94839 
14 2.75971 33.6039 0.0654452 -0.0971805 -1.17451 -1.52711 -2.1643 -2.4901 -3.24638 -6.32825 
15 57.466 33.7075 0.065424 -0.0970835 -1.17461 -1.52629 -2.16485 -2.49023 -3.2459 -9.32825 
16 0.01254 33.7117 0.0654031 -0.0970511 -1.1747 -1.52588 -2.16546 -2.49098 -3.25217 -9.32825 
17 0.00626569 33.7136 0.0653712 -0.0970086 -1.17477 -1.52567 -2.16585 -2.49144 -3.2553 -9.32825 
18 0.00310111 33.714 0.0653492 -0.0969757 -1.17483 -1.52556 -2.16607 -2.4917 -3.25685 -9.32825 
19 0.0015287 33.7141 0.0653367 -0.0969539 -1.17486 -1.5255 -2.16621 -2.49185 -3.25762 -9.32825 
20 0.000752654 33.7142 0.0653303 -0.0969406 -1.17489 -1.52547 -2.16629 -2.49193 -3.25799 -9.32825 
---------------------------------------
0.0653303 -0.0969406 -1.17489 -1.52547 -2.16629 -2.49193 -3.25799 -9.32825 
0.281565 0.210257 0.218489 0.17294 0.153595 0.153835 0.180313 76.0678 
-0.000147453 0.000528689 -0.000861221 0.00189264 -0.00704766 -0.00804058 -0.0230055 -9.92274e-06 
---------------------------------------
***************************************

# 0.005 0.019 0.0425 0.07 0.11 0.17 0.24 0.4 0.603 
6.533e-02 2.816e-01
-9.694e-02 2.103e-01
-1.175e+00 2.185e-01
-1.525e+00 1.729e-01
-2.166e+00 1.536e-01
-2.492e+00 1.538e-01
-3.258e+00 1.803e-01
-9.328e+00 7.607e+01
***************************************
1 0.435965 79.0282 -0.990315 -1.29204 -1.14837 1.9563 -1.17127 -1.92306 -1.43596 -3.43401 
2 0.436946 141.712 -1.24413 -1.63945 -1.56139 1.52233 -1.59966 -2.33846 -1.87291 -3.74644 
3 0.439249 199.293 -1.30928 -1.83376 -1.95034 1.08762 -2.0249 -2.75218 -2.31216 -4.02871 
4 0.443258 251.913 -1.31442 -1.80799 -2.31304 0.651869 -2.45033 -3.16865 -2.75542 -4.26072 
5 0.446314 300.785 -1.31691 -1.77593 -2.64297 0.215159 -2.87725 -3.57266 -3.20173 -4.42038 
6 0.44132 345.101 -1.32609 -1.76176 -2.92296 -0.222043 -3.29794 -3.94158 -3.64305 -4.50764 
7 0.437747 382.371 -1.33201 -1.76067 -3.12151 -0.65979 -3.69245 -4.24033 -4.05245 -4.55787 
8 0.439058 409.539 -1.33824 -1.77067 -3.21625 -1.09885 -4.01529 -4.41387 -4.3626 -4.58939 
9 0.441205 425.791 -1.3461 -1.78247 -3.2325 -1.54005 -4.22216 -4.45136 -4.49606 -4.59602 
10 0.442777 436.011 -1.35299 -1.78695 -3.22702 -1.98283 -4.33159 -4.43677 -4.50437 -4.592 
11 0.439878 444.784 -1.35753 -1.78604 -3.23001 -2.42271 -4.39873 -4.42792 -4.49848 -4.59098 
12 0.421861 452.627 -1.36156 -1.78475 -3.24119 -2.84457 -4.45132 -4.42381 -4.49702 -4.59028 
13 0.367901 458.877 -1.36586 -1.78393 -3.24575 -3.21247 -4.49406 -4.42311 -4.50238 -4.58775 
14 0.247222 462.639 -1.36963 -1.78421 -3.23326 -3.45969 -4.51199 -4.42762 -4.51761 -4.58333 
15 0.0778486 463.818 -1.37072 -1.78483 -3.22526 -3.49862 -4.50407 -4.43126 -4.52802 -4.58126 
16 0.0423331 463.883 -1.37139 -1.78521 -3.21993 -3.51978 -4.49481 -4.43388 -4.53586 -4.5796 
17 0.022311 463.903 -1.37179 -1.78545 -3.21652 -3.53094 -4.48608 -4.43561 -4.54149 -4.57831 
18 0.0148106 463.91 -1.37202 -1.78559 -3.21441 -3.5369 -4.47867 -4.43666 -4.5454 -4.57732 
19 0.0118489 463.913 -1.37215 -1.78567 -3.21315 -3.54022 -4.47275 -4.43725 -4.54806 -4.57659 
20 0.00916379 463.914 -1.37223 -1.78572 -3.2124 -3.54216 -4.46817 -4.43755 -4.54988 -4.57605 
21 0.00694398 463.914 -1.37227 -1.78575 -3.21195 -3.54336 -4.46469 -4.43768 -4.55112 -4.57566 
22 0.00519564 463.914 -1.3723 -1.78577 -3.21169 -3.54413 -4.4621 -4.43771 -4.55199 -4.57538 
23 0.0038564 463.914 -1.37231 -1.78579 -3.21154 -3.54464 -4.46017 -4.43769 -4.5526 -4.57518 
24 0.00284767 463.914 -1.37232 -1.7858 -3.21145 -3.54499 -4.45874 -4.43764 -4.55304 -4.57504 
25 0.00209583 463.915 -1.37233 -1.78581 -3.21139 -3.54524 -4.4577 -4.43759 -4.55335 -4.57494 
26 0.00153923 463.915 -1.37234 -1.78582 -3.21136 -3.54541 -4.45693 -4.43754 -4.55357 -4.57487 
27 0.00112895 463.915 -1.37234 -1.78582 -3.21134 -3.54553 -4.45636 -4.4375 -4.55374 -4.57482 
28 0.000827369 463.915 -1.37234 -1.78582 -3.21132 -3.54562 -4.45595 -4.43746 -4.55386 -4.57479 
---------------------------------------
-1.37234 -1.78582 -3.21132 -3.54562 -4.45595 -4.43746 -4.55386 -4.57479 
0.275185 0.212543 0.25168 0.206805 0.312954 0.254214 0.171548 0.167357 
-6.98966e-05 -0.000159474 0.000435351 -0.00323608 0.00824751 0.00196938 -0.00612602 0.00220187 
---------------------------------------
***************************************

# 0.005 0.019 0.0425 0.07 0.11 0.17 0.24 0.4 0.603 
-1.372e+00 2.752e-01
-1.786e+00 2.125e-01
-3.211e+00 2.517e-01
-3.546e+00 2.068e-01
-4.456e+00 3.130e-01
-4.437e+00 2.542e-01
-4.554e+00 1.715e-01
-4.575e+00 1.674e-01
***************************************
1 2644.05 -6504.3 -0.673002 -1.01983 -2.3325 -2.73327 -3.43024 -3.19723 -4.13628 -7.25152 -1.68358 -2.6801 -1.25603 0.277883 -1.83465 -3 -1 0.33 
4 586.88 -761.922 -0.737232 -1.04386 -2.27847 -2.59454 -3.38224 -3.47121 -3.97162 -6.68152 -1.80169 -2.63199 -1.13475 0.0815682 -1.93426 -2.79468 -1.22658 0.3 
5 97.894 386.767 -1.63831 -2.01925 -2.98585 -2.9393 -3.7794 -4.03204 -4.44963 -3.68152 -0.99166 -2.36618 -0.113555 0.576683 -1.26279 -3.47374 -0.261109 -2.7 
7 47.526 445.402 -1.67409 -2.26384 -3.00093 -2.95318 -3.81919 -4.11158 -4.42448 -3.38152 -0.47995 -2.3826 0.12983 0.656378 -1.05705 -3.66089 -0.0674181 2.98457 
9 21.6077 469.155 -1.69777 -2.58248 -3.0011 -2.96761 -3.82625 -4.16536 -4.37604 -3.08152 0.0847489 -2.33829 0.401443 0.743567 -0.868994 -3.86156 0.0886122 -2.70154 
11 10.2848 482.177 -1.64905 -3.03364 -2.97248 -2.97893 -3.81532 -4.19818 -4.31747 -2.78152 0.72345 -2.23694 0.682862 0.834013 -0.69101 -4.08108 0.204266 2.99846 
13 4.82503 490.444 -1.48115 -3.74906 -2.9101 -2.98598 -3.78859 -4.20918 -4.25634 -2.48152 1.34246 -2.01072 0.943582 0.924818 -0.530108 -4.31372 0.278101 -1.28524 
15 3.33306 496.208 -1.19217 -4.77102 -2.81768 -2.98857 -3.75043 -4.19257 -4.19964 -2.94685 1.73192 -1.38333 1.14681 1.01337 -0.391102 -4.54265 0.30961 0.426096 
17 6.08615 500.409 -0.878242 -5.07102 -2.70891 -2.98694 -3.70376 -4.14993 -4.15161 -3.76145 1.71199 0.634261 1.26316 1.097 -0.28309 -4.74598 0.311956 0.283568 
19 14.0177 503.431 -0.669013 -5.37102 -2.60308 -2.98188 -3.65314 -4.08752 -4.11315 -4.01568 1.38544 0.934261 1.28751 1.17461 -0.209065 -4.90194 0.294797 0.261382 
20 13972.6 464.499 -0.845151 -2.37102 -2.52699 -2.98653 -3.4463 -3.9659 -4.05321 -4.05261 0.828398 -2.06574 0.758594 1.46856 -0.094653 -4.36683 0.000655925 0.295206 
21 12.4145 512.13 -0.730182 -5.37102 -2.32669 -2.87995 -3.40646 -3.78709 -4.00724 -4.08969 -0.0643098 0.934261 0.771663 1.65795 -0.214496 -4.50756 0.0520309 0.219532 
22 10804.8 516.355 -0.703609 -2.37102 -2.34269 -2.84442 -3.40424 -3.84479 -4.02169 -4.12345 0.402992 -2.06574 0.800099 1.66991 -0.239672 -4.48563 0.0997644 0.198667 
23 12.7108 517.676 -0.686108 -5.37102 -2.34675 -2.84391 -3.40091 -3.83574 -4.01531 -4.13655 0.332641 0.934261 0.800938 1.6599 -0.255554 -4.50858 0.0957525 0.189809 
24 11232.7 518.95 -0.676912 -2.37102 -2.35152 -2.84224 -3.39794 -3.83212 -4.01235 -4.14867 0.311147 -2.06574 0.810667 1.64129 -0.264113 -4.52542 0.0993559 0.184298 
25 13.1573 519.089 -0.672602 -5.37102 -2.35682 -2.84069 -3.39498 -3.83048 -4.01027 -4.15973 0.30377 0.934261 0.822775 1.61946 -0.269102 -4.53797 0.103781 0.179855 
26 11358.7 519.587 -0.670487 -2.37102 -2.36198 -2.83856 -3.39246 -3.82928 -4.00859 -4.16974 0.301032 -2.06574 0.835154 1.59651 -0.272721 -4.54866 0.108166 0.176317 
27 13.3501 519.346 -0.669463 -5.37102 -2.36639 -2.83665 -3.39034 -3.82876 -4.00721 -4.17861 0.299452 0.934261 0.844414 1.57705 -0.275704 -4.55673 0.11161 0.173521 
28 11422.3 519.696 -0.668903 -2.37102 -2.36991 -2.83432 -3.38883 -3.82815 -4.00609 -4.18645 0.2987 -2.06574 0.852025 1.56025 -0.278586 -4.56391 0.114584 0.171587 
29 13.4268 519.395 -0.668627 -5.37102 -2.37258 -2.83251 -3.38764 -3.82796 -4.00519 -4.19325 0.297996 0.934261 0.856646 1.54798 -0.281193 -4.56928 0.116646 0.170244 
30 11450.2 519.723 -0.668442 -2.37102 -2.37455 -2.83051 -3.38689 -3.82751 -4.00447 -4.19918 0.297727 -2.06574 0.860573 1.53791 -0.283677 -4.57436 0.118426 0.169489 
31 13.4587 519.41 -0.668359 -5.37102 -2.37597 -2.82917 -3.38627 -3.82741 -4.00389 -4.20426 0.29733 0.934261 0.862507 1.5312 -0.285799 -4.57808 0.119535 0.169035 
32 11464 519.732 -0.66828 -2.37102 -2.37699 -2.82766 -3.38592 -3.82703 -4.00343 -4.20867 0.297264 -2.06574 0.864579 1.52551 -0.28774 -4.58182 0.12058 0.168906 
33 13.4729 519.415 -0.668256 -5.37102 -2.37772 -2.82679 -3.38558 -3.82699 -4.00304 -4.21241 0.297006 0.934261 0.865251 1.52209 -0.289314 -4.58443 0.121139 0.16887 
34 11471.5 519.736 -0.668212 -2.37102 -2.37824 -2.8257 -3.38543 -3.82666 -4.00274 -4.21565 0.297037 -2.06574 0.866477 1.51886 -0.290736 -4.58722 0.121774 0.169005 
35 13.4796 519.418 -0.66821 -5.37102 -2.37861 -2.82519 -3.38524 -3.82667 -4.00247 -4.21837 0.296845 0.934261 0.866576 1.51724 -0.291844 -4.58903 0.122032 0.169125 
36 11475.8 519.738 -0.66818 -2.37102 -2.37887 -2.82441 -3.38519 -3.82638 -4.00227 -4.22073 0.296921 -2.06574 0.867417 1.51532 -0.292858 -4.59114 0.122443 0.169342 
37 13.4828 519.419 -0.668188 -5.37102 -2.37906 -2.82414 -3.38507 -3.82643 -4.00208 -4.22269 0.296762 0.934261 0.86725 1.51464 -0.293616 -4.59237 0.122537 0.169495 
38 11478.5 519.739 -0.668164 -2.37102 -2.37919 -2.82356 -3.38507 -3.82618 -4.00194 -4.2244 0.296862 -2.06574 0.867907 1.51342 -0.294334 -4.59397 0.122826 0.169714 
39 13.4843 519.419 -0.668176 -5.37102 -2.37928 -2.82346 -3.38498 -3.82627 -4.00181 -4.2258 0.296719 0.934261 0.86761 1.51323 -0.294844 -4.59477 0.122829 0.169851 
40 11480.2 519.739 -0.668155 -2.37102 -2.37935 -2.82301 -3.38501 -3.82605 -4.00171 -4.22703 0.29683 -2.06574 0.868175 1.51237 -0.295356 -4.59601 0.12305 0.170044 
41 13.4851 519.42 -0.668169 -5.37102 -2.3794 -2.823 -3.38494 -3.82615 -4.00162 -4.22802 0.296696 0.934261 0.867812 1.51245 -0.295694 -4.5965 0.123002 0.17015 
42 11481.2 519.739 -0.66815 -2.37102 -2.37943 -2.82264 -3.38497 -3.82595 -4.00155 -4.22891 0.296813 -2.06574 0.86833 1.51179 -0.296063 -4.59747 0.123185 0.170311 
43 13.4854 519.42 -0.668165 -5.37102 -2.37945 -2.8227 -3.38491 -3.82607 -4.00149 -4.22961 0.296683 0.934261 0.867931 1.51201 -0.296282 -4.59773 0.123107 0.170385 
44 11481.9 519.74 -0.668147 -2.37102 -2.37947 -2.82239 -3.38496 -3.82589 -4.00144 -4.23025 0.296803 -2.06574 0.868422 1.51145 -0.296553 -4.59851 0.123267 0.170516 
45 13.4856 519.42 -0.668163 -5.37102 -2.37948 -2.82249 -3.3849 -3.82602 -4.00139 -4.23073 0.296676 0.934261 0.868003 1.51175 -0.296691 -4.59861 0.123173 0.170563 
46 11482.4 519.74 -0.668145 -2.37102 -2.37949 -2.82222 -3.38495 -3.82584 -4.00136 -4.2312 0.296798 -2.06574 0.868479 1.51125 -0.296893 -4.59925 0.123319 0.170669 
47 13.4857 519.42 -0.668161 -5.37102 -2.3795 -2.82235 -3.38489 -3.82598 -4.00132 -4.23153 0.296671 0.934261 0.868049 1.5116 -0.296975 -4.59923 0.123215 0.170694 
48 11482.7 519.74 -0.668144 -2.37102 -2.3795 -2.8221 -3.38494 -3.82581 -4.0013 -4.23187 0.296795 -2.06574 0.868515 1.51113 -0.297131 -4.59977 0.123353 0.170781 
49 13.4857 519.42 -0.66816 -5.37102 -2.37951 -2.82226 -3.38489 -3.82596 -4.00128 -4.2321 0.296669 0.934261 0.868078 1.5115 -0.297173 -4.59967 0.123242 0.17079 
50 11482.9 519.74 -0.668143 -2.37102 -2.37951 -2.82202 -3.38494 -3.82579 -4.00126 -4.23234 0.296793 -2.06574 0.868539 1.51106 -0.297296 -4.60014 0.123375 0.170862 
51 13.4857 519.42 -0.66816 -5.37102 -2.37951 -2.82219 -3.38489 -3.82594 -4.00124 -4.2325 0.296667 0.934261 0.868097 1.51144 -0.297312 -4.59998 0.12326 0.170859 
52 11483.1 519.74 -0.668143 -2.37102 -2.37951 -2.82197 -3.38494 -3.82578 -4.00123 -4.23268 0.296792 -2.06574 0.868555 1.51101 -0.297413 -4.60041 0.12339 0.170921 
53 13.4857 519.42 -0.668159 -5.37102 -2.37951 -2.82215 -3.38489 -3.82593 -4.00122 -4.23278 0.296666 0.934261 0.86811 1.5114 -0.297409 -4.60021 0.123272 0.170908 
54 11483.2 519.74 -0.668142 -2.37102 -2.37951 -2.82193 -3.38494 -3.82577 -4.00121 -4.23292 0.296791 -2.06574 0.868565 1.51098 -0.297494 -4.60059 0.1234 0.170962 
55 13.4857 519.42 -0.668159 -5.37102 -2.37951 -2.82211 -3.38489 -3.82592 -4.0012 -4.23298 0.296666 0.934261 0.868119 1.51138 -0.297477 -4.60036 0.12328 0.170943 
56 11483.3 519.74 -0.668142 -2.37102 -2.37952 -2.8219 -3.38494 -3.82576 -4.0012 -4.23308 0.29679 -2.06574 0.868573 1.51096 -0.297551 -4.60072 0.123406 0.170992 
57 13.4857 519.42 -0.668159 -5.37102 -2.37952 -2.82209 -3.38489 -3.82591 -4.00119 -4.23312 0.296665 0.934261 0.868125 1.51136 -0.297525 -4.60047 0.123286 0.170968 
58 11483.3 519.74 -0.668142 -2.37102 -2.37952 -2.82188 -3.38494 -3.82575 -4.00119 -4.2332 0.29679 -2.06574 0.868578 1.51094 -0.297591 -4.60081 0.123411 0.171013 
59 13.4857 519.42 -0.668159 -5.37102 -2.37952 -2.82208 -3.38489 -3.82591 -4.00118 -4.23322 0.296665 0.934261 0.868129 1.51135 -0.297559 -4.60055 0.123289 0.170986 
60 11483.3 519.74 -0.668142 -2.37102 -2.37952 -2.82187 -3.38494 -3.82575 -4.00118 -4.23328 0.29679 -2.06574 0.868581 1.51093 -0.297619 -4.60088 0.123414 0.171028 
61 13.4857 519.42 -0.668159 -5.37102 -2.37952 -2.82207 -3.38489 -3.82591 -4.00118 -4.23328 0.296665 0.934261 0.868132 1.51134 -0.297582 -4.6006 0.123292 0.170998 
62 11483.4 519.74 -0.668142 -2.37102 -2.37952 -2.82186 -3.38494 -3.82575 -4.00118 -4.23334 0.29679 -2.06574 0.868583 1.51092 -0.297639 -4.60092 0.123417 0.171039 
63 13.4857 519.42 -0.668159 -5.37102 -2.37952 -2.82206 -3.38489 -3.8259 -4.00117 -4.23333 0.296665 0.934261 0.868134 1.51134 -0.297599 -4.60064 0.123294 0.171007 
64 11483.4 519.74 -0.668142 -2.37102 -2.37952 -2.82186 -3.38494 -3.82575 -4.00117 -4.23338 0.296789 -2.06574 0.868585 1.51092 -0.297653 -4.60096 0.123418 0.171046 
65 13.4857 519.42 -0.668159 -5.37102 -2.37952 -2.82205 -3.38489 -3.8259 -4.00117 -4.23337 0.296665 0.934261 0.868135 1.51133 -0.297611 -4.60067 0.123295 0.171013 
66 11483.4 519.74 -0.668142 -2.37102 -2.37952 -2.82185 -3.38494 -3.82574 -4.00117 -4.23341 0.296789 -2.06574 0.868586 1.51092 -0.297663 -4.60098 0.123419 0.171051 
67 13.4857 519.42 -0.668159 -5.37102 -2.37952 -2.82205 -3.38489 -3.8259 -4.00117 -4.23339 0.296665 0.934261 0.868136 1.51133 -0.297619 -4.60069 0.123296 0.171018 
68 11483.4 519.74 -0.668142 -2.37102 -2.37952 -2.82185 -3.38494 -3.82574 -4.00117 -4.23343 0.296789 -2.06574 0.868587 1.51091 -0.29767 -4.601 0.12342 0.171055 
69 13.4857 519.42 -0.668159 -5.37102 -2.37952 -2.82205 -3.38489 -3.8259 -4.00116 -4.23341 0.296665 0.934261 0.868137 1.51133 -0.297625 -4.6007 0.123297 0.171021 
70 11483.4 519.74 -0.668142 -2.37102 -2.37952 -2.82185 -3.38494 -3.82574 -4.00117 -4.23345 0.296789 -2.06574 0.868588 1.51091 -0.297675 -4.60101 0.12342 0.171058 
71 13.4857 519.42 -0.668159 -5.37102 -2.37952 -2.82204 -3.38489 -3.8259 -4.00116 -4.23342 0.296665 0.934261 0.868137 1.51133 -0.297629 -4.60071 0.123297 0.171023 
72 11483.4 519.74 -0.668142 -2.37102 -2.37952 -2.82184 -3.38494 -3.82574 -4.00117 -4.23346 0.296789 -2.06574 0.868588 1.51091 -0.297678 -4.60102 0.123421 0.171059 
73 13.4857 519.42 -0.668159 -5.37102 -2.37952 -2.82204 -3.38489 -3.8259 -4.00116 -4.23343 0.296665 0.934261 0.868138 1.51132 -0.297632 -4.60072 0.123298 0.171025 
74 11483.4 519.74 -0.668141 -2.37102 -2.37952 -2.82184 -3.38494 -3.82574 -4.00117 -4.23346 0.296789 -2.06574 0.868588 1.51091 -0.297681 -4.60102 0.123421 0.171061 
75 13.4857 519.42 -0.668159 -5.37102 -2.37952 -2.82204 -3.38489 -3.8259 -4.00116 -4.23344 0.296665 0.934261 0.868138 1.51132 -0.297634 -4.60072 0.123298 0.171026 
76 11483.4 519.74 -0.668141 -2.37102 -2.37952 -2.82184 -3.38494 -3.82574 -4.00117 -4.23347 0.296789 -2.06574 0.868589 1.51091 -0.297682 -4.60103 0.123421 0.171062 
77 13.4857 519.42 -0.668159 -5.37102 -2.37952 -2.82204 -3.38489 -3.8259 -4.00116 -4.23344 0.296665 0.934261 0.868138 1.51132 -0.297635 -4.60073 0.123298 0.171027 
78 11483.4 519.74 -0.668141 -2.37102 -2.37952 -2.82184 -3.38494 -3.82574 -4.00117 -4.23347 0.296789 -2.06574 0.868589 1.51091 -0.297684 -4.60103 0.123421 0.171062 
79 13.4857 519.42 -0.668159 -5.37102 -2.37952 -2.82204 -3.38489 -3.8259 -4.00116 -4.23344 0.296665 0.934261 0.868138 1.51132 -0.297636 -4.60073 0.123298 0.171027 
80 11483.4 519.74 -0.668141 -2.37102 -2.37952 -2.82184 -3.38494 -3.82574 -4.00117 -4.23347 0.296789 -2.06574 0.868589 1.51091 -0.297684 -4.60103 0.123422 0.171063 
81 13.4857 519.42 -0.668159 -5.37102 -2.37952 -2.82204 -3.38489 -3.8259 -4.00116 -4.23345 0.296665 0.934261 0.868138 1.51132 -0.297637 -4.60073 0.123298 0.171027 
82 11483.4 519.74 -0.668141 -2.37102 -2.37952 -2.82184 -3.38494 -3.82574 -4.00117 -4.23348 0.296789 -2.06574 0.868589 1.51091 -0.297685 -4.60103 0.123422 0.171063 
83 13.4857 519.42 -0.668159 -5.37102 -2.37952 -2.82204 -3.38489 -3.8259 -4.00116 -4.23345 0.296665 0.934261 0.868138 1.51132 -0.297638 -4.60073 0.123298 0.171028 
84 11483.4 519.74 -0.668141 -2.37102 -2.37952 -2.82184 -3.38494 -3.82574 -4.00117 -4.23348 0.296789 -2.06574 0.868589 1.51091 -0.297686 -4.60103 0.123422 0.171063 
85 13.4857 519.42 -0.668159 -5.37102 -2.37952 -2.82204 -3.38489 -3.8259 -4.00116 -4.23345 0.296665 0.934261 0.868138 1.51132 -0.297638 -4.60073 0.123298 0.171028 
86 11483.4 519.74 -0.668141 -2.37102 -2.37952 -2.82184 -3.38494 -3.82574 -4.00117 -4.23348 0.296789 -2.06574 0.868589 1.51091 -0.297686 -4.60103 0.123422 0.171063 
87 13.4857 519.42 -0.668159 -5.37102 -2.37952 -2.82204 -3.38489 -3.8259 -4.00116 -4.23345 0.296665 0.934261 0.868138 1.51132 -0.297638 -4.60073 0.123298 0.171028 
88 11483.4 519.74 -0.668141 -2.37102 -2.37952 -2.82184 -3.38494 -3.82574 -4.00117 -4.23348 0.296789 -2.06574 0.868589 1.51091 -0.297686 -4.60103 0.123422 0.171064 
89 13.4857 519.42 -0.668159 -5.37102 -2.37952 -2.82204 -3.38489 -3.8259 -4.00116 -4.23345 0.296665 0.934261 0.868138 1.51132 -0.297638 -4.60073 0.123298 0.171028 
90 11483.4 519.74 -0.668141 -2.37102 -2.37952 -2.82184 -3.38494 -3.82574 -4.00117 -4.23348 0.296789 -2.06574 0.868589 1.51091 -0.297686 -4.60103 0.123422 0.171064 
91 13.4857 519.42 -0.668159 -5.37102 -2.37952 -2.82204 -3.38489 -3.8259 -4.00116 -4.23345 0.296665 0.934261 0.868138 1.51132 -0.297638 -4.60073 0.123298 0.171028 
92 11483.4 519.74 -0.668141 -2.37102 -2.37952 -2.82184 -3.38494 -3.82574 -4.00117 -4.23348 0.296789 -2.06574 0.868589 1.51091 -0.297686 -4.60103 0.123422 0.171064 
93 13.4857 519.42 -0.668159 -5.37102 -2.37952 -2.82204 -3.38489 -3.8259 -4.00116 -4.23345 0.296665 0.934261 0.868138 1.51132 -0.297638 -4.60073 0.123298 0.171028 
94 11483.4 519.74 -0.668141 -2.37102 -2.37952 -2.82184 -3.38494 -3.82574 -4.00117 -4.23348 0.296789 -2.06574 0.868589 1.51091 -0.297686 -4.60103 0.123422 0.171064 
95 13.4857 519.42 -0.668159 -5.37102 -2.37952 -2.82204 -3.38489 -3.8259 -4.00116 -4.23345 0.296665 0.934261 0.868138 1.51132 -0.297639 -4.60073 0.123298 0.171028 
96 11483.4 519.74 -0.668141 -2.37102 -2.37952 -2.82184 -3.38494 -3.82574 -4.00117 -4.23348 0.296789 -2.06574 0.868589 1.51091 -0.297686 -4.60103 0.123422 0.171064 
97 13.4857 519.42 -0.668159 -5.37102 -2.37952 -2.82204 -3.38489 -3.8259 -4.00116 -4.23345 0.296665 0.934261 0.868138 1.51132 -0.297639 -4.60073 0.123298 0.171028 
98 11483.4 519.74 -0.668141 -2.37102 -2.37952 -2.82184 -3.38494 -3.82574 -4.00117 -4.23348 0.296789 -2.06574 0.868589 1.51091 -0.297686 -4.60103 0.123422 0.171064 
99 13.4857 519.42 -0.668159 -5.37102 -2.37952 -2.82204 -3.38489 -3.8259 -4.00116 -4.23345 0.296665 0.934261 0.868138 1.51132 -0.297639 -4.60073 0.123298 0.171028 
100 11483.4 519.74 -0.668141 -2.37102 -2.37952 -2.82184 -3.38494 -3.82574 -4.00117 -4.23348 0.296789 -2.06574 0.868589 1.51091 -0.297686 -4.60103 0.123422 0.171064 
101 13.4857 519.42 -0.668159 -5.37102 -2.37952 -2.82204 -3.38489 -3.8259 -4.00116 -4.23345 0.296665 0.934261 0.868138 1.51132 -0.297639 -4.60073 0.123298 0.171028 
102 11483.4 519.74 -0.668141 -2.37102 -2.37952 -2.82184 -3.38494 -3.82574 -4.00117 -4.23348 0.296789 -2.06574 0.868589 1.51091 -0.297686 -4.60103 0.123422 0.171064 
103 13.4857 519.42 -0.668159 -5.37102 -2.37952 -2.82204 -3.38489 -3.8259 -4.00116 -4.23345 0.296665 0.934261 0.868138 1.51132 -0.297639 -4.60073 0.123298 0.171028 
104 11483.4 519.74 -0.668141 -2.37102 -2.37952 -2.82184 -3.38494 -3.82574 -4.00117 -4.23348 0.296789 -2.06574 0.868589 1.51091 -0.297686 -4.60103 0.123422 0.171064 
105 13.4857 519.42 -0.668159 -5.37102 -2.37952 -2.82204 -3.38489 -3.8259 -4.00116 -4.23345 0.296665 0.934261 0.868138 1.51132 -0.297639 -4.60073 0.123298 0.171028 
106 11483.4 519.74 -0.668141 -2.37102 -2.37952 -2.82184 -3.38494 -3.82574 -4.00117 -4.23348 0.296789 -2.06574 0.868589 1.51091 -0.297686 -4.60103 0.123422 0.171064 
107 13.4857 519.42 -0.668159 -5.37102 -2.37952 -2.82204 -3.38489 -3.8259 -4.00116 -4.23345 0.296665 0.934261 0.868138 1.51132 -0.297639 -4.60073 0.123298 0.171028 
108 11483.4 519.74 -0.668141 -2.37102 -2.37952 -2.82184 -3.38494 -3.82574 -4.00117 -4.23348 0.296789 -2.06574 0.868589 1.51091 -0.297687 -4.60103 0.123422 0.171064 
109 13.4857 519.42 -0.668159 -5.37102 -2.37952 -2.82204 -3.38489 -3.8259 -4.00116 -4.23345 0.296665 0.934261 0.868138 1.51132 -0.297639 -4.60073 0.123298 0.171028 
110 11483.4 519.74 -0.668141 -2.37102 -2.37952 -2.82184 -3.38494 -3.82574 -4.00117 -4.23348 0.296789 -2.06574 0.868589 1.51091 -0.297687 -4.60103 0.123422 0.171064 
111 13.4857 519.42 -0.668159 -5.37102 -2.37952 -2.82204 -3.38489 -3.8259 -4.00116 -4.23345 0.296665 0.934261 0.868138 1.51132 -0.297639 -4.60073 0.123298 0.171028 
112 11483.4 519.74 -0.668141 -2.37102 -2.37952 -2.82184 -3.38494 -3.82574 -4.00117 -4.23348 0.296789 -2.06574 0.868589 1.51091 -0.297687 -4.60103 0.123422 0.171064 
113 13.4857 519.42 -0.668159 -5.37102 -2.37952 -2.82204 -3.38489 -3.8259 -4.00116 -4.23345 0.296665 0.934261 0.868138 1.51132 -0.297639 -4.60073 0.123298 0.171028 
114 11483.4 519.74 -0.668141 -2.37102 -2.37952 -2.82184 -3.38494 -3.82574 -4.00117 -4.23348 0.296789 -2.06574 0.868589 1.51091 -0.297687 -4.60103 0.123422 0.171064 
115 13.4857 519.42 -0.668159 -5.37102 -2.37952 -2.82204 -3.38489 -3.8259 -4.00116 -4.23345 0.296665 0.934261 0.868138 1.51132 -0.297639 -4.60073 0.123298 0.171028 
116 11483.4 519.74 -0.668141 -2.37102 -2.37952 -2.82184 -3.38494 -3.82574 -4.00117 -4.23348 0.296789 -2.06574 0.868589 1.51091 -0.297687 -4.60103 0.123422 0.171064 
117 13.4857 519.42 -0.668159 -5.37102 -2.37952 -2.82204 -3.38489 -3.8259 -4.00116 -4.23345 0.296665 0.934261 0.868138 1.51132 -0.297639 -4.60073 0.123298 0.171028 
118 11483.4 519.74 -0.668141 -2.37102 -2.37952 -2.82184 -3.38494 -3.82574 -4.00117 -4.23348 0.296789 -2.06574 0.868589 1.51091 -0.297687 -4.60103 0.123422 0.171064 
119 13.4857 519.42 -0.668159 -5.37102 -2.37952 -2.82204 -3.38489 -3.8259 -4.00116 -4.23345 0.296665 0.934261 0.868138 1.51132 -0.297639 -4.60073 0.123298 0.171028 
120 11483.4 519.74 -0.668141 -2.37102 -2.37952 -2.82184 -3.38494 -3.82574 -4.00117 -4.23348 0.296789 -2.06574 0.868589 1.51091 -0.297687 -4.60103 0.123422 0.171064 
121 13.4857 519.42 -0.668159 -5.37102 -2.37952 -2.82204 -3.38489 -3.8259 -4.00116 -4.23345 0.296665 0.934261 0.868138 1.51132 -0.297639 -4.60073 0.123298 0.171028 
122 11483.4 519.74 -0.668141 -2.37102 -2.37952 -2.82184 -3.38494 -3.82574 -4.00117 -4.23348 0.296789 -2.06574 0.868589 1.51091 -0.297687 -4.60103 0.123422 0.171064 
123 13.4857 519.42 -0.668159 -5.37102 -2.37952 -2.82204 -3.38489 -3.8259 -4.00116 -4.23345 0.296665 0.934261 0.868138 1.51132 -0.297639 -4.60073 0.123298 0.171028 
124 11483.4 519.74 -0.668141 -2.37102 -2.37952 -2.82184 -3.38494 -3.82574 -4.00117 -4.23348 0.296789 -2.06574 0.868589 1.51091 -0.297687 -4.60103 0.123422 0.171064 
125 13.4857 519.42 -0.668159 -5.37102 -2.37952 -2.82204 -3.38489 -3.8259 -4.00116 -4.23345 0.296665 0.934261 0.868138 1.51132 -0.297639 -4.60073 0.123298 0.171028 
126 11483.4 519.74 -0.668141 -2.37102 -2.37952 -2.82184 -3.38494 -3.82574 -4.00117 -4.23348 0.296789 -2.06574 0.868589 1.51091 -0.297687 -4.60103 0.123422 0.171064 
127 13.4857 519.42 -0.668159 -5.37102 -2.37952 -2.82204 -3.38489 -3.8259 -4.00116 -4.23345 0.296665 0.934261 0.868138 1.51132 -0.297639 -4.60073 0.123298 0.171028 
128 11483.4 519.74 -0.668141 -2.37102 -2.37952 -2.82184 -3.38494 -3.82574 -4.00117 -4.23348 0.296789 -2.06574 0.868589 1.51091 -0.297687 -4.60103 0.123422 0.171064 
129 13.4857 519.42 -0.668159 -5.37102 -2.37952 -2.82204 -3.38489 -3.8259 -4.00116 -4.23345 0.296665 0.934261 0.868138 1.51132 -0.297639 -4.60073 0.123298 0.171028 
130 11483.4 519.74 -0.668141 -2.37102 -2.37952 -2.82184 -3.38494 -3.82574 -4.00117 -4.23348 0.296789 -2.06574 0.868589 1.51091 -0.297687 -4.60103 0.123422 0.171064 
131 13.4857 519.42 -0.668159 -5.37102 -2.37952 -2.82204 -3.38489 -3.8259 -4.00116 -4.23345 0.296665 0.934261 0.868138 1.51132 -0.297639 -4.60073 0.123298 0.171028 
132 11483.4 519.74 -0.668141 -2.37102 -2.37952 -2.82184 -3.38494 -3.82574 -4.00117 -4.23348 0.296789 -2.06574 0.868589 1.51091 -0.297687 -4.60103 0.123422 0.171064 
133 13.4857 519.42 -0.668159 -5.37102 -2.37952 -2.82204 -3.38489 -3.8259 -4.00116 -4.23345 0.296665 0.934261 0.868138 1.51132 -0.297639 -4.60073 0.123298 0.171028 
134 11483.4 519.74 -0.668141 -2.37102 -2.37952 -2.82184 -3.38494 -3.82574 -4.00117 -4.23348 0.296789 -2.06574 0.868589 1.51091 -0.297687 -4.60103 0.123422 0.171064 
135 13.4857 519.42 -0.668159 -5.37102 -2.37952 -2.82204 -3.38489 -3.8259 -4.00116 -4.23345 0.296665 0.934261 0.868138 1.51132 -0.297639 -4.60073 0.123298 0.171028 
136 11483.4 519.74 -0.668141 -2.37102 -2.37952 -2.82184 -3.38494 -3.82574 -4.00117 -4.23348 0.296789 -2.06574 0.868589 1.51091 -0.297687 -4.60103 0.123422 0.171064 
137 13.4857 519.42 -0.668159 -5.37102 -2.37952 -2.82204 -3.38489 -3.8259 -4.00116 -4.23345 0.296665 0.934261 0.868138 1.51132 -0.297639 -4.60073 0.123298 0.171028 
138 11483.4 519.74 -0.668141 -2.37102 -2.37952 -2.82184 -3.38494 -3.82574 -4.00117 -4.23348 0.296789 -2.06574 0.868589 1.51091 -0.297687 -4.60103 0.123422 0.171064 
139 13.4857 519.42 -0.668159 -5.37102 -2.37952 -2.82204 -3.38489 -3.8259 -4.00116 -4.23345 0.296665 0.934261 0.868138 1.51132 -0.297639 -4.60073 0.123298 0.171028 
140 11483.4 519.74 -0.668141 -2.37102 -2.37952 -2.82184 -3.38494 -3.82574 -4.00117 -4.23348 0.296789 -2.06574 0.868589 1.51091 -0.297687 -4.60103 0.123422 0.171064 
141 13.4857 519.42 -0.668159 -5.37102 -2.37952 -2.82204 -3.38489 -3.8259 -4.00116 -4.23345 0.296665 0.934261 0.868138 1.51132 -0.297639 -4.60073 0.123298 0.171028 
142 11483.4 519.74 -0.668141 -2.37102 -2.37952 -2.82184 -3.38494 -3.82574 -4.00117 -4.23348 0.296789 -2.06574 0.868589 1.51091 -0.297687 -4.60103 0.123422 0.171064 
143 13.4857 519.42 -0.668159 -5.37102 -2.37952 -2.82204 -3.38489 -3.8259 -4.00116 -4.23345 0.296665 0.934261 0.868138 1.51132 -0.297639 -4.60073 0.123298 0.171028 
144 11483.4 519.74 -0.668141 -2.37102 -2.37952 -2.82184 -3.38494 -3.82574 -4.00117 -4.23348 0.296789 -2.06574 0.868589 1.51091 -0.297687 -4.60103 0.123422 0.171064 
145 13.4857 519.42 -0.668159 -5.37102 -2.37952 -2.82204 -3.38489 -3.8259 -4.00116 -4.23345 0.296665 0.934261 0.868138 1.51132 -0.297639 -4.60073 0.123298 0.171028 
146 11483.4 519.74 -0.668141 -2.37102 -2.37952 -2.82184 -3.38494 -3.82574 -4.00117 -4.23348 0.296789 -2.06574 0.868589 1.51091 -0.297687 -4.60103 0.123422 0.171064 
147 13.4857 519.42 -0.668159 -5.37102 -2.37952 -2.82204 -3.38489 -3.8259 -4.00116 -4.23345 0.296665 0.934261 0.868138 1.51132 -0.297639 -4.60073 0.123298 0.171028 
148 11483.4 519.74 -0.668141 -2.37102 -2.37952 -2.82184 -3.38494 -3.82574 -4.00117 -4.23348 0.296789 -2.06574 0.868589 1.51091 -0.297687 -4.60103 0.123422 0.171064 
149 13.4857 519.42 -0.668159 -5.37102 -2.37952 -2.82204 -3.38489 -3.8259 -4.00116 -4.23345 0.296665 0.934261 0.868138 1.51132 -0.297639 -4.60073 0.123298 0.171028 
150 11483.4 519.74 -0.668141 -2.37102 -2.37952 -2.82184 -3.38494 -3.82574 -4.00117 -4.23348 0.296789 -2.06574 0.868589 1.51091 -0.297687 -4.60103 0.123422 0.171064 
151 13.4857 519.42 -0.668159 -5.37102 -2.37952 -2.82204 -3.38489 -3.8259 -4.00116 -4.23345 0.296665 0.934261 0.868138 1.51132 -0.297639 -4.60073 0.123298 0.171028 
152 11483.4 519.74 -0.668141 -2.37102 -2.37952 -2.82184 -3.38494 -3.82574 -4.00117 -4.23348 0.296789 -2.06574 0.868589 1.51091 -0.297687 -4.60103 0.123422 0.171064 
153 13.4857 519.42 -0.668159 -5.37102 -2.37952 -2.82204 -3.38489 -3.8259 -4.00116 -4.23345 0.296665 0.934261 0.868138 1.51132 -0.297639 -4.60073 0.123298 0.171028 
154 11483.4 519.74 -0.668141 -2.37102 -2.37952 -2.82184 -3.38494 -3.82574 -4.00117 -4.23348 0.296789 -2.06574 0.868589 1.51091 -0.297687 -4.60103 0.123422 0.171064 
155 13.4857 519.42 -0.668159 -5.37102 -2.37952 -2.82204 -3.38489 -3.8259 -4.00116 -4.23345 0.296665 0.934261 0.868138 1.51132 -0.297639 -4.60073 0.123298 0.171028 
156 11483.4 519.74 -0.668141 -2.37102 -2.37952 -2.82184 -3.38494 -3.82574 -4.00117 -4.23348 0.296789 -2.06574 0.868589 1.51091 -0.297687 -4.60103 0.123422 0.171064 
157 13.4857 519.42 -0.668159 -5.37102 -2.37952 -2.82204 -3.38489 -3.8259 -4.00116 -4.23345 0.296665 0.934261 0.868138 1.51132 -0.297639 -4.60073 0.123298 0.171028 
158 11483.4 519.74 -0.668141 -2.37102 -2.37952 -2.82184 -3.38494 -3.82574 -4.00117 -4.23348 0.296789 -2.06574 0.868589 1.51091 -0.297687 -4.60103 0.123422 0.171064 
159 13.4857 519.42 -0.668159 -5.37102 -2.37952 -2.82204 -3.38489 -3.8259 -4.00116 -4.23345 0.296665 0.934261 0.868138 1.51132 -0.297639 -4.60073 0.123298 0.171028 
160 11483.4 519.74 -0.668141 -2.37102 -2.37952 -2.82184 -3.38494 -3.82574 -4.00117 -4.23348 0.296789 -2.06574 0.868589 1.51091 -0.297687 -4.60103 0.123422 0.171064 
161 13.4857 519.42 -0.668159 -5.37102 -2.37952 -2.82204 -3.38489 -3.8259 -4.00116 -4.23345 0.296665 0.934261 0.868138 1.51132 -0.297639 -4.60073 0.123298 0.171028 
162 11483.4 519.74 -0.668141 -2.37102 -2.37952 -2.82184 -3.38494 -3.82574 -4.00117 -4.23348 0.296789 -2.06574 0.868589 1.51091 -0.297687 -4.60103 0.123422 0.171064 
163 13.4857 519.42 -0.668159 -5.37102 -2.37952 -2.82204 -3.38489 -3.8259 -4.00116 -4.23345 0.296665 0.934261 0.868138 1.51132 -0.297639 -4.60073 0.123298 0.171028 
164 11483.4 519.74 -0.668141 -2.37102 -2.37952 -2.82184 -3.38494 -3.82574 -4.00117 -4.23348 0.296789 -2.06574 0.868589 1.51091 -0.297687 -4.60103 0.123422 0.171064 
165 13.4857 519.42 -0.668159 -5.37102 -2.37952 -2.82204 -3.38489 -3.8259 -4.00116 -4.23345 0.296665 0.934261 0.868138 1.51132 -0.297639 -4.60073 0.123298 0.171028 
166 11483.4 519.74 -0.668141 -2.37102 -2.37952 -2.82184 -3.38494 -3.82574 -4.00117 -4.23348 0.296789 -2.06574 0.868589 1.51091 -0.297687 -4.60103 0.123422 0.171064 
167 13.4857 519.42 -0.668159 -5.37102 -2.37952 -2.82204 -3.38489 -3.8259 -4.00116 -4.23345 0.296665 0.934261 0.868138 1.51132 -0.297639 -4.60073 0.123298 0.171028 
168 11483.4 519.74 -0.668141 -2.37102 -2.37952 -2.82184 -3.38494 -3.82574 -4.00117 -4.23348 0.296789 -2.06574 0.868589 1.51091 -0.297687 -4.60103 0.123422 0.171064 
169 13.4857 519.42 -0.668159 -5.37102 -2.37952 -2.82204 -3.38489 -3.8259 -4.00116 -4.23345 0.296665 0.934261 0.868138 1.51132 -0.297639 -4.60073 0.123298 0.171028 
170 11483.4 519.74 -0.668141 -2.37102 -2.37952 -2.82184 -3.38494 -3.82574 -4.00117 -4.23348 0.296789 -2.06574 0.868589 1.51091 -0.297687 -4.60103 0.123422 0.171064 
171 13.4857 519.42 -0.668159 -5.37102 -2.37952 -2.82204 -3.38489 -3.8259 -4.00116 -4.23345 0.296665 0.934261 0.868138 1.51132 -0.297639 -4.60073 0.123298 0.171028 
172 11483.4 519.74 -0.668141 -2.37102 -2.37952 -2.82184 -3.38494 -3.82574 -4.00117 -4.23348 0.296789 -2.06574 0.868589 1.51091 -0.297687 -4.60103 0.123422 0.171064 
173 13.4857 519.42 -0.668159 -5.37102 -2.37952 -2.82204 -3.38489 -3.8259 -4.00116 -4.23345 0.296665 0.934261 0.868138 1.51132 -0.297639 -4.60073 0.123298 0.171028 
174 11483.4 519.74 -0.668141 -2.37102 -2.37952 -2.82184 -3.38494 -3.82574 -4.00117 -4.23348 0.296789 -2.06574 0.868589 1.51091 -0.297687 -4.60103 0.123422 0.171064 
175 13.4857 519.42 -0.668159 -5.37102 -2.37952 -2.82204 -3.38489 -3.8259 -4.00116 -4.23345 0.296665 0.934261 0.868138 1.51132 -0.297639 -4.60073 0.123298 0.171028 
176 11483.4 519.74 -0.668141 -2.37102 -2.37952 -2.82184 -3.38494 -3.82574 -4.00117 -4.23348 0.296789 -2.06574 0.868589 1.51091 -0.297687 -4.60103 0.123422 0.171064 
177 13.4857 519.42 -0.668159 -5.37102 -2.37952 -2.82204 -3.38489 -3.8259 -4.00116 -4.23345 0.296665 0.934261 0.868138 1.51132 -0.297639 -4.60073 0.123298 0.171028 
178 11483.4 519.74 -0.668141 -2.37102 -2.37952 -2.82184 -3.38494 -3.82574 -4.00117 -4.23348 0.296789 -2.06574 0.868589 1.51091 -0.297687 -4.60103 0.123422 0.171064 
179 13.4857 519.42 -0.668159 -5.37102 -2.37952 -2.82204 -3.38489 -3.8259 -4.00116 -4.23345 0.296665 0.934261 0.868138 1.51132 -0.297639 -4.60073 0.123298 0.171028 
180 11483.4 519.74 -0.668141 -2.37102 -2.37952 -2.82184 -3.38494 -3.82574 -4.00117 -4.23348 0.296789 -2.06574 0.868589 1.51091 -0.297687 -4.60103 0.123422 0.171064 
181 13.4857 519.42 -0.668159 -5.37102 -2.37952 -2.82204 -3.38489 -3.8259 -4.00116 -4.23345 0.296665 0.934261 0.868138 1.51132 -0.297639 -4.60073 0.123298 0.171028 
182 11483.4 519.74 -0.668141 -2.37102 -2.37952 -2.82184 -3.38494 -3.82574 -4.00117 -4.23348 0.296789 -2.06574 0.868589 1.51091 -0.297687 -4.60103 0.123422 0.171064 
183 13.4857 519.42 -0.668159 -5.37102 -2.37952 -2.82204 -3.38489 -3.8259 -4.00116 -4.23345 0.296665 0.934261 0.868138 1.51132 -0.297639 -4.60073 0.123298 0.171028 
184 11483.4 519.74 -0.668141 -2.37102 -2.37952 -2.82184 -3.38494 -3.82574 -4.00117 -4.23348 0.296789 -2.06574 0.868589 1.51091 -0.297687 -4.60103 0.123422 0.171064 
185 13.4857 519.42 -0.668159 -5.37102 -2.37952 -2.82204 -3.38489 -3.8259 -4.00116 -4.23345 0.296665 0.934261 0.868138 1.51132 -0.297639 -4.60073 0.123298 0.171028 
186 11483.4 519.74 -0.668141 -2.37102 -2.37952 -2.82184 -3.38494 -3.82574 -4.00117 -4.23348 0.296789 -2.06574 0.868589 1.51091 -0.297687 -4.60103 0.123422 0.171064 
187 13.4857 519.42 -0.668159 -5.37102 -2.37952 -2.82204 -3.38489 -3.8259 -4.00116 -4.23345 0.296665 0.934261 0.868138 1.51132 -0.297639 -4.60073 0.123298 0.171028 
188 11483.4 519.74 -0.668141 -2.37102 -2.37952 -2.82184 -3.38494 -3.82574 -4.00117 -4.23348 0.296789 -2.06574 0.868589 1.51091 -0.297687 -4.60103 0.123422 0.171064 
189 13.4857 519.42 -0.668159 -5.37102 -2.37952 -2.82204 -3.38489 -3.8259 -4.00116 -4.23345 0.296665 0.934261 0.868138 1.51132 -0.297639 -4.60073 0.123298 0.171028 
190 11483.4 519.74 -0.668141 -2.37102 -2.37952 -2.82184 -3.38494 -3.82574 -4.00117 -4.23348 0.296789 -2.06574 0.868589 1.51091 -0.297687 -4.60103 0.123422 0.171064 
191 13.4857 519.42 -0.668159 -5.37102 -2.37952 -2.82204 -3.38489 -3.8259 -4.00116 -4.23345 0.296665 0.934261 0.868138 1.51132 -0.297639 -4.60073 0.123298 0.171028 
192 11483.4 519.74 -0.668141 -2.37102 -2.37952 -2.82184 -3.38494 -3.82574 -4.00117 -4.23348 0.296789 -2.06574 0.868589 1.51091 -0.297687 -4.60103 0.123422 0.171064 
193 13.4857 519.42 -0.668159 -5.37102 -2.37952 -2.82204 -3.38489 -3.8259 -4.00116 -4.23345 0.296665 0.934261 0.868138 1.51132 -0.297639 -4.60073 0.123298 0.171028 
194 11483.4 519.74 -0.668141 -2.37102 -2.37952 -2.82184 -3.38494 -3.82574 -4.00117 -4.23348 0.296789 -2.06574 0.868589 1.51091 -0.297687 -4.60103 0.123422 0.171064 
195 13.4857 519.42 -0.668159 -5.37102 -2.37952 -2.82204 -3.38489 -3.8259 -4.00116 -4.23345 0.296665 0.934261 0.868138 1.51132 -0.297639 -4.60073 0.123298 0.171028 
196 11483.4 519.74 -0.668141 -2.37102 -2.37952 -2.82184 -3.38494 -3.82574 -4.00117 -4.23348 0.296789 -2.06574 0.868589 1.51091 -0.297687 -4.60103 0.123422 0.171064 
197 13.4857 519.42 -0.668159 -5.37102 -2.37952 -2.82204 -3.38489 -3.8259 -4.00116 -4.23345 0.296665 0.934261 0.868138 1.51132 -0.297639 -4.60073 0.123298 0.171028 
198 11483.4 519.74 -0.668141 -2.37102 -2.37952 -2.82184 -3.38494 -3.82574 -4.00117 -4.23348 0.296789 -2.06574 0.868589 1.51091 -0.297687 -4.60103 0.123422 0.171064 
199 13.4857 519.42 -0.668159 -5.37102 -2.37952 -2.82204 -3.38489 -3.8259 -4.00116 -4.23345 0.296665 0.934261 0.868138 1.51132 -0.297639 -4.60073 0.123298 0.171028 
200 11483.4 519.74 -0.668141 -2.37102 -2.37952 -2.82184 -3.38494 -3.82574 -4.00117 -4.23348 0.296789 -2.06574 0.868589 1.51091 -0.297687 -4.60103 0.123422 0.171064 
201 13.4857 519.42 -0.668159 -5.37102 -2.37952 -2.82204 -3.38489 -3.8259 -4.00116 -4.23345 0.296665 0.934261 0.868138 1.51132 -0.297639 -4.60073 0.123298 0.171028 
202 11483.4 519.74 -0.668141 -2.37102 -2.37952 -2.82184 -3.38494 -3.82574 -4.00117 -4.23348 0.296789 -2.06574 0.868589 1.51091 -0.297687 -4.60103 0.123422 0.171064 
203 13.4857 519.42 -0.668159 -5.37102 -2.37952 -2.82204 -3.38489 -3.8259 -4.00116 -4.23345 0.296665 0.934261 0.868138 1.51132 -0.297639 -4.60073 0.123298 0.171028 
204 11483.4 519.74 -0.668141 -2.37102 -2.37952 -2.82184 -3.38494 -3.82574 -4.00117 -4.23348 0.296789 -2.06574 0.868589 1.51091 -0.297687 -4.60103 0.123422 0.171064 
205 13.4857 519.42 -0.668159 -5.37102 -2.37952 -2.82204 -3.38489 -3.8259 -4.00116 -4.23345 0.296665 0.934261 0.868138 1.51132 -0.297639 -4.60073 0.123298 0.171028 
206 11483.4 519.74 -0.668141 -2.37102 -2.37952 -2.82184 -3.38494 -3.82574 -4.00117 -4.23348 0.296789 -2.06574 0.868589 1.51091 -0.297687 -4.60103 0.123422 0.171064 
207 13.4857 519.42 -0.668159 -5.37102 -2.37952 -2.82204 -3.38489 -3.8259 -4.00116 -4.23345 0.296665 0.934261 0.868138 1.51132 -0.297639 -4.60073 0.123298 0.171028 
208 11483.4 519.74 -0.668141 -2.37102 -2.37952 -2.82184 -3.38494 -3.82574 -4.00117 -4.23348 0.296789 -2.06574 0.868589 1.51091 -0.297687 -4.60103 0.123422 0.171064 
209 13.4857 519.42 -0.668159 -5.37102 -2.37952 -2.82204 -3.38489 -3.8259 -4.00116 -4.23345 0.296665 0.934261 0.868138 1.51132 -0.297639 -4.60073 0.123298 0.171028 
210 11483.4 519.74 -0.668141 -2.37102 -2.37952 -2.82184 -3.38494 -3.82574 -4.00117 -4.23348 0.296789 -2.06574 0.868589 1.51091 -0.297687 -4.60103 0.123422 0.171064 
211 13.4857 519.42 -0.668159 -5.37102 -2.37952 -2.82204 -3.38489 -3.8259 -4.00116 -4.23345 0.296665 0.934261 0.868138 1.51132 -0.297639 -4.60073 0.123298 0.171028 
212 11483.4 519.74 -0.668141 -2.37102 -2.37952 -2.82184 -3.38494 -3.82574 -4.00117 -4.23348 0.296789 -2.06574 0.868589 1.51091 -0.297687 -4.60103 0.123422 0.171064 
213 13.4857 519.42 -0.668159 -5.37102 -2.37952 -2.82204 -3.38489 -3.8259 -4.00116 -4.23345 0.296665 0.934261 0.868138 1.51132 -0.297639 -4.60073 0.123298 0.171028 
214 11483.4 519.74 -0.668141 -2.37102 -2.37952 -2.82184 -3.38494 -3.82574 -4.00117 -4.23348 0.296789 -2.06574 0.868589 1.51091 -0.297687 -4.60103 0.123422 0.171064 
215 13.4857 519.42 -0.668159 -5.37102 -2.37952 -2.82204 -3.38489 -3.8259 -4.00116 -4.23345 0.296665 0.934261 0.868138 1.51132 -0.297639 -4.60073 0.123298 0.171028 
216 11483.4 519.74 -0.668141 -2.37102 -2.37952 -2.82184 -3.38494 -3.82574 -4.00117 -4.23348 0.296789 -2.06574 0.868589 1.51091 -0.297687 -4.60103 0.123422 0.171064 
217 13.4857 519.42 -0.668159 -5.37102 -2.37952 -2.82204 -3.38489 -3.8259 -4.00116 -4.23345 0.296665 0.934261 0.868138 1.51132 -0.297639 -4.60073 0.123298 0.171028 
218 11483.4 519.74 -0.668141 -2.37102 -2.37952 -2.82184 -3.38494 -3.82574 -4.00117 -4.23348 0.296789 -2.06574 0.868589 1.51091 -0.297687 -4.60103 0.123422 0.171064 
219 13.4857 519.42 -0.668159 -5.37102 -2.37952 -2.82204 -3.38489 -3.8259 -4.00116 -4.23345 0.296665 0.934261 0.868138 1.51132 -0.297639 -4.60073 0.123298 0.171028 
220 11483.4 519.74 -0.668141 -2.37102 -2.37952 -2.82184 -3.38494 -3.82574 -4.00117 -4.23348 0.296789 -2.06574 0.868589 1.51091 -0.297687 -4.60103 0.123422 0.171064 
221 13.4857 519.42 -0.668159 -5.37102 -2.37952 -2.82204 -3.38489 -3.8259 -4.00116 -4.23345 0.296665 0.934261 0.868138 1.51132 -0.297639 -4.60073 0.123298 0.171028 
222 11483.4 519.74 -0.668141 -2.37102 -2.37952 -2.82184 -3.38494 -3.82574 -4.00117 -4.23348 0.296789 -2.06574 0.868589 1.51091 -0.297687 -4.60103 0.123422 0.171064 
223 13.4857 519.42 -0.668159 -5.37102 -2.37952 -2.82204 -3.38489 -3.8259 -4.00116 -4.23345 0.296665 0.934261 0.868138 1.51132 -0.297639 -4.60073 0.123298 0.171028 
224 11483.4 519.74 -0.668141 -2.37102 -2.37952 -2.82184 -3.38494 -3.82574 -4.00117 -4.23348 0.296789 -2.06574 0.868589 1.51091 -0.297687 -4.60103 0.123422 0.171064 
225 13.4857 519.42 -0.668159 -5.37102 -2.37952 -2.82204 -3.38489 -3.8259 -4.00116 -4.23345 0.296665 0.934261 0.868138 1.51132 -0.297639 -4.60073 0.123298 0.171028 
226 11483.4 519.74 -0.668141 -2.37102 -2.37952 -2.82184 -3.38494 -3.82574 -4.00117 -4.23348 0.296789 -2.06574 0.868589 1.51091 -0.297687 -4.60103 0.123422 0.171064 
227 13.4857 519.42 -0.668159 -5.37102 -2.37952 -2.82204 -3.38489 -3.8259 -4.00116 -4.23345 0.296665 0.934261 0.868138 1.51132 -0.297639 -4.60073 0.123298 0.171028 
228 11483.4 519.74 -0.668141 -2.37102 -2.37952 -2.82184 -3.38494 -3.82574 -4.00117 -4.23348 0.296789 -2.06574 0.868589 1.51091 -0.297687 -4.60103 0.123422 0.171064 
229 13.4857 519.42 -0.668159 -5.37102 -2.37952 -2.82204 -3.38489 -3.8259 -4.00116 -4.23345 0.296665 0.934261 0.868138 1.51132 -0.297639 -4.60073 0.123298 0.171028 
230 11483.4 519.74 -0.668141 -2.37102 -2.37952 -2.82184 -3.38494 -3.82574 -4.00117 -4.23348 0.296789 -2.06574 0.868589 1.51091 -0.297687 -4.60103 0.123422 0.171064 
231 13.4857 519.42 -0.668159 -5.37102 -2.37952 -2.82204 -3.38489 -3.8259 -4.00116 -4.23345 0.296665 0.934261 0.868138 1.51132 -0.297639 -4.60073 0.123298 0.171028 
232 11483.4 519.74 -0.668141 -2.37102 -2.37952 -2.82184 -3.38494 -3.82574 -4.00117 -4.23348 0.296789 -2.06574 0.868589 1.51091 -0.297687 -4.60103 0.123422 0.171064 
233 13.4857 519.42 -0.668159 -5.37102 -2.37952 -2.82204 -3.38489 -3.8259 -4.00116 -4.23345 0.296665 0.934261 0.868138 1.51132 -0.297639 -4.60073 0.123298 0.171028 
234 11483.4 519.74 -0.668141 -2.37102 -2.37952 -2.82184 -3.38494 -3.82574 -4.00117 -4.23348 0.296789 -2.06574 0.868589 1.51091 -0.297687 -4.60103 0.123422 0.171064 
235 13.4857 519.42 -0.668159 -5.37102 -2.37952 -2.82204 -3.38489 -3.8259 -4.00116 -4.23345 0.296665 0.934261 0.868138 1.51132 -0.297639 -4.60073 0.123298 0.171028 
236 11483.4 519.74 -0.668141 -2.37102 -2.37952 -2.82184 -3.38494 -3.82574 -4.00117 -4.23348 0.296789 -2.06574 0.868589 1.51091 -0.297687 -4.60103 0.123422 0.171064 
237 13.4857 519.42 -0.668159 -5.37102 -2.37952 -2.82204 -3.38489 -3.8259 -4.00116 -4.23345 0.296665 0.934261 0.868138 1.51132 -0.297639 -4.60073 0.123298 0.171028 
238 11483.4 519.74 -0.668141 -2.37102 -2.37952 -2.82184 -3.38494 -3.82574 -4.00117 -4.23348 0.296789 -2.06574 0.868589 1.51091 -0.297687 -4.60103 0.123422 0.171064 
239 13.4857 519.42 -0.668159 -5.37102 -2.37952 -2.82204 -3.38489 -3.8259 -4.00116 -4.23345 0.296665 0.934261 0.868138 1.51132 -0.297639 -4.60073 0.123298 0.171028 
240 11483.4 519.74 -0.668141 -2.37102 -2.37952 -2.82184 -3.38494 -3.82574 -4.00117 -4.23348 0.296789 -2.06574 0.868589 1.51091 -0.297687 -4.60103 0.123422 0.171064 
241 13.4857 519.42 -0.668159 -5.37102 -2.37952 -2.82204 -3.38489 -3.8259 -4.00116 -4.23345 0.296665 0.934261 0.868138 1.51132 -0.297639 -4.60073 0.123298 0.171028 
242 11483.4 519.74 -0.668141 -2.37102 -2.37952 -2.82184 -3.38494 -3.82574 -4.00117 -4.23348 0.296789 -2.06574 0.868589 1.51091 -0.297687 -4.60103 0.123422 0.171064 
243 13.4857 519.42 -0.668159 -5.37102 -2.37952 -2.82204 -3.38489 -3.8259 -4.00116 -4.23345 0.296665 0.934261 0.868138 1.51132 -0.297639 -4.60073 0.123298 0.171028 
244 11483.4 519.74 -0.668141 -2.37102 -2.37952 -2.82184 -3.38494 -3.82574 -4.00117 -4.23348 0.296789 -2.06574 0.868589 1.51091 -0.297687 -4.60103 0.123422 0.171064 
245 13.4857 519.42 -0.668159 -5.37102 -2.37952 -2.82204 -3.38489 -3.8259 -4.00116 -4.23345 0.296665 0.934261 0.868138 1.51132 -0.297639 -4.60073 0.123298 0.171028 
246 11483.4 519.74 -0.668141 -2.37102 -2.37952 -2.82184 -3.38494 -3.82574 -4.00117 -4.23348 0.296789 -2.06574 0.868589 1.51091 -0.297687 -4.60103 0.123422 0.171064 
247 13.4857 519.42 -0.668159 -5.37102 -2.37952 -2.82204 -3.38489 -3.8259 -4.00116 -4.23345 0.296665 0.934261 0.868138 1.51132 -0.297639 -4.60073 0.123298 0.171028 
248 11483.4 519.74 -0.668141 -2.37102 -2.37952 -2.82184 -3.38494 -3.82574 -4.00117 -4.23348 0.296789 -2.06574 0.868589 1.51091 -0.297687 -4.60103 0.123422 0.171064 
249 13.4857 519.42 -0.668159 -5.37102 -2.37952 -2.82204 -3.38489 -3.8259 -4.00116 -4.23345 0.296665 0.934261 0.868138 1.51132 -0.297639 -4.60073 0.123298 0.171028 
250 11483.4 519.74 -0.668141 -2.37102 -2.37952 -2.82184 -3.38494 -3.82574 -4.00117 -4.23348 0.296789 -2.06574 0.868589 1.51091 -0.297687 -4.60103 0.123422 0.171064 
251 13.4857 519.42 -0.668159 -5.37102 -2.37952 -2.82204 -3.38489 -3.8259 -4.00116 -4.23345 0.296665 0.934261 0.868138 1.51132 -0.297639 -4.60073 0.123298 0.171028 
252 11483.4 519.74 -0.668141 -2.37102 -2.37952 -2.82184 -3.38494 -3.82574 -4.00117 -4.23348 0.296789 -2.06574 0.868589 1.51091 -0.297687 -4.60103 0.123422 0.171064 
253 13.4857 519.42 -0.668159 -5.37102 -2.37952 -2.82204 -3.38489 -3.8259 -4.00116 -4.23345 0.296665 0.934261 0.868138 1.51132 -0.297639 -4.60073 0.123298 0.171028 
254 11483.4 519.74 -0.668141 -2.37102 -2.37952 -2.82184 -3.38494 -3.82574 -4.00117 -4.23348 0.296789 -2.06574 0.868589 1.51091 -0.297687 -4.60103 0.123422 0.171064 
255 13.4857 519.42 -0.668159 -5.37102 -2.37952 -2.82204 -3.38489 -3.8259 -4.00116 -4.23345 0.296665 0.934261 0.868138 1.51132 -0.297639 -4.60073 0.123298 0.171028 
256 11483.4 519.74 -0.668141 -2.37102 -2.37952 -2.82184 -3.38494 -3.82574 -4.00117 -4.23348 0.296789 -2.06574 0.868589 1.51091 -0.297687 -4.60103 0.123422 0.171064 
257 13.4857 519.42 -0.668159 -5.37102 -2.37952 -2.82204 -3.38489 -3.8259 -4.00116 -4.23345 0.296665 0.934261 0.868138 1.51132 -0.297639 -4.60073 0.123298 0.171028 
258 11483.4 519.74 -0.668141 -2.37102 -2.37952 -2.82184 -3.38494 -3.82574 -4.00117 -4.23348 0.296789 -2.06574 0.868589 1.51091 -0.297687 -4.60103 0.123422 0.171064 
259 13.4857 519.42 -0.668159 -5.37102 -2.37952 -2.82204 -3.38489 -3.8259 -4.00116 -4.23345 0.296665 0.934261 0.868138 1.51132 -0.297639 -4.60073 0.123298 0.171028 
260 11483.4 519.74 -0.668141 -2.37102 -2.37952 -2.82184 -3.38494 -3.82574 -4.00117 -4.23348 0.296789 -2.06574 0.868589 1.51091 -0.297687 -4.60103 0.123422 0.171064 
261 13.4857 519.42 -0.668159 -5.37102 -2.37952 -2.82204 -3.38489 -3.8259 -4.00116 -4.23345 0.296665 0.934261 0.868138 1.51132 -0.297639 -4.60073 0.123298 0.171028 
262 11483.4 519.74 -0.668141 -2.37102 -2.37952 -2.82184 -3.38494 -3.82574 -4.00117 -4.23348 0.296789 -2.06574 0.868589 1.51091 -0.297687 -4.60103 0.123422 0.171064 
263 13.4857 519.42 -0.668159 -5.37102 -2.37952 -2.82204 -3.38489 -3.8259 -4.00116 -4.23345 0.296665 0.934261 0.868138 1.51132 -0.297639 -4.60073 0.123298 0.171028 
264 11483.4 519.74 -0.668141 -2.37102 -2.37952 -2.82184 -3.38494 -3.82574 -4.00117 -4.23348 0.296789 -2.06574 0.868589 1.51091 -0.297687 -4.60103 0.123422 0.171064 
265 13.4857 519.42 -0.668159 -5.37102 -2.37952 -2.82204 -3.38489 -3.8259 -4.00116 -4.23345 0.296665 0.934261 0.868138 1.51132 -0.297639 -4.60073 0.123298 0.171028 
266 11483.4 519.74 -0.668141 -2.37102 -2.37952 -2.82184 -3.38494 -3.82574 -4.00117 -4.23348 0.296789 -2.06574 0.868589 1.51091 -0.297687 -4.60103 0.123422 0.171064 
267 13.4857 519.42 -0.668159 -5.37102 -2.37952 -2.82204 -3.38489 -3.8259 -4.00116 -4.23345 0.296665 0.934261 0.868138 1.51132 -0.297639 -4.60073 0.123298 0.171028 
268 11483.4 519.74 -0.668141 -2.37102 -2.37952 -2.82184 -3.38494 -3.82574 -4.00117 -4.23348 0.296789 -2.06574 0.868589 1.51091 -0.297687 -4.60103 0.123422 0.171064 
269 13.4857 519.42 -0.668159 -5.37102 -2.37952 -2.82204 -3.38489 -3.8259 -4.00116 -4.23345 0.296665 0.934261 0.868138 1.51132 -0.297639 -4.60073 0.123298 0.171028 
270 11483.4 519.74 -0.668141 -2.37102 -2.37952 -2.82184 -3.38494 -3.82574 -4.00117 -4.23348 0.296789 -2.06574 0.868589 1.51091 -0.297687 -4.60103 0.123422 0.171064 
271 13.4857 519.42 -0.668159 -5.37102 -2.37952 -2.82204 -3.38489 -3.8259 -4.00116 -4.23345 0.296665 0.934261 0.868138 1.51132 -0.297639 -4.60073 0.123298 0.171028 
272 11483.4 519.74 -0.668141 -2.37102 -2.37952 -2.82184 -3.38494 -3.82574 -4.00117 -4.23348 0.296789 -2.06574 0.868589 1.51091 -0.297687 -4.60103 0.123422 0.171064 
273 13.4857 519.42 -0.668159 -5.37102 -2.37952 -2.82204 -3.38489 -3.8259 -4.00116 -4.23345 0.296665 0.934261 0.868138 1.51132 -0.297639 -4.60073 0.123298 0.171028 
274 11483.4 519.74 -0.668141 -2.37102 -2.37952 -2.82184 -3.38494 -3.82574 -4.00117 -4.23348 0.296789 -2.06574 0.868589 1.51091 -0.297687 -4.60103 0.123422 0.171064 
275 13.4857 519.42 -0.668159 -5.37102 -2.37952 -2.82204 -3.38489 -3.8259 -4.00116 -4.23345 0.296665 0.934261 0.868138 1.51132 -0.297639 -4.60073 0.123298 0.171028 
276 11483.4 519.74 -0.668141 -2.37102 -2.37952 -2.82184 -3.38494 -3.82574 -4.00117 -4.23348 0.296789 -2.06574 0.868589 1.51091 -0.297687 -4.60103 0.123422 0.171064 
277 13.4857 519.42 -0.668159 -5.37102 -2.37952 -2.82204 -3.38489 -3.8259 -4.00116 -4.23345 0.296665 0.934261 0.868138 1.51132 -0.297639 -4.60073 0.123298 0.171028 
278 11483.4 519.74 -0.668141 -2.37102 -2.37952 -2.82184 -3.38494 -3.82574 -4.00117 -4.23348 0.296789 -2.06574 0.868589 1.51091 -0.297687 -4.60103 0.123422 0.171064 
279 13.4857 519.42 -0.668159 -5.37102 -2.37952 -2.82204 -3.38489 -3.8259 -4.00116 -4.23345 0.296665 0.934261 0.868138 1.51132 -0.297639 -4.60073 0.123298 0.171028 
280 11483.4 519.74 -0.668141 -2.37102 -2.37952 -2.82184 -3.38494 -3.82574 -4.00117 -4.23348 0.296789 -2.06574 0.868589 1.51091 -0.297687 -4.60103 0.123422 0.171064 
281 13.4857 519.42 -0.668159 -5.37102 -2.37952 -2.82204 -3.38489 -3.8259 -4.00116 -4.23345 0.296665 0.934261 0.868138 1.51132 -0.297639 -4.60073 0.123298 0.171028 
282 11483.4 519.74 -0.668141 -2.37102 -2.37952 -2.82184 -3.38494 -3.82574 -4.00117 -4.23348 0.296789 -2.06574 0.868589 1.51091 -0.297687 -4.60103 0.123422 0.171064 
283 13.4857 519.42 -0.668159 -5.37102 -2.37952 -2.82204 -3.38489 -3.8259 -4.00116 -4.23345 0.296665 0.934261 0.868138 1.51132 -0.297639 -4.60073 0.123298 0.171028 
284 11483.4 519.74 -0.668141 -2.37102 -2.37952 -2.82184 -3.38494 -3.82574 -4.00117 -4.23348 0.296789 -2.06574 0.868589 1.51091 -0.297687 -4.60103 0.123422 0.171064 
285 13.4857 519.42 -0.668159 -5.37102 -2.37952 -2.82204 -3.38489 -3.8259 -4.00116 -4.23345 0.296665 0.934261 0.868138 1.51132 -0.297639 -4.60073 0.123298 0.171028 
286 11483.4 519.74 -0.668141 -2.37102 -2.37952 -2.82184 -3.38494 -3.82574 -4.00117 -4.23348 0.296789 -2.06574 0.868589 1.51091 -0.297687 -4.60103 0.123422 0.171064 
287 13.4857 519.42 -0.668159 -5.37102 -2.37952 -2.82204 -3.38489 -3.8259 -4.00116 -4.23345 0.296665 0.934261 0.868138 1.51132 -0.297639 -4.60073 0.123298 0.171028 
288 11483.4 519.74 -0.668141 -2.37102 -2.37952 -2.82184 -3.38494 -3.82574 -4.00117 -4.23348 0.296789 -2.06574 0.868589 1.51091 -0.297687 -4.60103 0.123422 0.171064 
289 13.4857 519.42 -0.668159 -5.37102 -2.37952 -2.82204 -3.38489 -3.8259 -4.00116 -4.23345 0.296665 0.934261 0.868138 1.51132 -0.297639 -4.60073 0.123298 0.171028 
290 11483.4 519.74 -0.668141 -2.37102 -2.37952 -2.82184 -3.38494 -3.82574 -4.00117 -4.23348 0.296789 -2.06574 0.868589 1.51091 -0.297687 -4.60103 0.123422 0.171064 
291 13.4857 519.42 -0.668159 -5.37102 -2.37952 -2.82204 -3.38489 -3.8259 -4.00116 -4.23345 0.296665 0.934261 0.868138 1.51132 -0.297639 -4.60073 0.123298 0.171028 
292 11483.4 519.74 -0.668141 -2.37102 -2.37952 -2.82184 -3.38494 -3.82574 -4.00117 -4.23348 0.296789 -2.06574 0.868589 1.51091 -0.297687 -4.60103 0.123422 0.171064 
293 13.4857 519.42 -0.668159 -5.37102 -2.37952 -2.82204 -3.38489 -3.8259 -4.00116 -4.23345 0.296665 0.934261 0.868138 1.51132 -0.297639 -4.60073 0.123298 0.171028 
294 11483.4 519.74 -0.668141 -2.37102 -2.37952 -2.82184 -3.38494 -3.82574 -4.00117 -4.23348 0.296789 -2.06574 0.868589 1.51091 -0.297687 -4.60103 0.123422 0.171064 
295 13.4857 519.42 -0.668159 -5.37102 -2.37952 -2.82204 -3.38489 -3.8259 -4.00116 -4.23345 0.296665 0.934261 0.868138 1.51132 -0.297639 -4.60073 0.123298 0.171028 
296 11483.4 519.74 -0.668141 -2.37102 -2.37952 -2.82184 -3.38494 -3.82574 -4.00117 -4.23348 0.296789 -2.06574 0.868589 1.51091 -0.297687 -4.60103 0.123422 0.171064 
297 13.4857 519.42 -0.668159 -5.37102 -2.37952 -2.82204 -3.38489 -3.8259 -4.00116 -4.23345 0.296665 0.934261 0.868138 1.51132 -0.297639 -4.60073 0.123298 0.171028 
298 11483.4 519.74 -0.668141 -2.37102 -2.37952 -2.82184 -3.38494 -3.82574 -4.00117 -4.23348 0.296789 -2.06574 0.868589 1.51091 -0.297687 -4.60103 0.123422 0.171064 
299 13.4857 519.42 -0.668159 -5.37102 -2.37952 -2.82204 -3.38489 -3.8259 -4.00116 -4.23345 0.296665 0.934261 0.868138 1.51132 -0.297639 -4.60073 0.123298 0.171028 
300 11483.4 519.74 -0.668141 -2.37102 -2.37952 -2.82184 -3.38494 -3.82574 -4.00117 -4.23348 0.296789 -2.06574 0.868589 1.51091 -0.297687 -4.60103 0.123422 0.171064 
301 13.4857 519.42 -0.668159 -5.37102 -2.37952 -2.82204 -3.38489 -3.8259 -4.00116 -4.23345 0.296665 0.934261 0.868138 1.51132 -0.297639 -4.60073 0.123298 0.171028 
302 11483.4 519.74 -0.668141 -2.37102 -2.37952 -2.82184 -3.38494 -3.82574 -4.00117 -4.23348 0.296789 -2.06574 0.868589 1.51091 -0.297687 -4.60103 0.123422 0.171064 
303 13.4857 519.42 -0.668159 -5.37102 -2.37952 -2.82204 -3.38489 -3.8259 -4.00116 -4.23345 0.296665 0.934261 0.868138 1.51132 -0.297639 -4.60073 0.123298 0.171028 
304 11483.4 519.74 -0.668141 -2.37102 -2.37952 -2.82184 -3.38494 -3.82574 -4.00117 -4.23348 0.296789 -2.06574 0.868589 1.51091 -0.297687 -4.60103 0.123422 0.171064 
305 13.4857 519.42 -0.668159 -5.37102 -2.37952 -2.82204 -3.38489 -3.8259 -4.00116 -4.23345 0.296665 0.934261 0.868138 1.51132 -0.297639 -4.60073 0.123298 0.171028 
306 11483.4 519.74 -0.668141 -2.37102 -2.37952 -2.82184 -3.38494 -3.82574 -4.00117 -4.23348 0.296789 -2.06574 0.868589 1.51091 -0.297687 -4.60103 0.123422 0.171064 
307 13.4857 519.42 -0.668159 -5.37102 -2.37952 -2.82204 -3.38489 -3.8259 -4.00116 -4.23345 0.296665 0.934261 0.868138 1.51132 -0.297639 -4.60073 0.123298 0.171028 
308 11483.4 519.74 -0.668141 -2.37102 -2.37952 -2.82184 -3.38494 -3.82574 -4.00117 -4.23348 0.296789 -2.06574 0.868589 1.51091 -0.297687 -4.60103 0.123422 0.171064 
309 13.4857 519.42 -0.668159 -5.37102 -2.37952 -2.82204 -3.38489 -3.8259 -4.00116 -4.23345 0.296665 0.934261 0.868138 1.51132 -0.297639 -4.60073 0.123298 0.171028 
310 11483.4 519.74 -0.668141 -2.37102 -2.37952 -2.82184 -3.38494 -3.82574 -4.00117 -4.23348 0.296789 -2.06574 0.868589 1.51091 -0.297687 -4.60103 0.123422 0.171064 
311 13.4857 519.42 -0.668159 -5.37102 -2.37952 -2.82204 -3.38489 -3.8259 -4.00116 -4.23345 0.296665 0.934261 0.868138 1.51132 -0.297639 -4.60073 0.123298 0.171028 
312 11483.4 519.74 -0.668141 -2.37102 -2.37952 -2.82184 -3.38494 -3.82574 -4.00117 -4.23348 0.296789 -2.06574 0.868589 1.51091 -0.297687 -4.60103 0.123422 0.171064 
313 13.4857 519.42 -0.668159 -5.37102 -2.37952 -2.82204 -3.38489 -3.8259 -4.00116 -4.23345 0.296665 0.934261 0.868138 1.51132 -0.297639 -4.60073 0.123298 0.171028 
314 11483.4 519.74 -0.668141 -2.37102 -2.37952 -2.82184 -3.38494 -3.82574 -4.00117 -4.23348 0.296789 -2.06574 0.868589 1.51091 -0.297687 -4.60103 0.123422 0.171064 
315 13.4857 519.42 -0.668159 -5.37102 -2.37952 -2.82204 -3.38489 -3.8259 -4.00116 -4.23345 0.296665 0.934261 0.868138 1.51132 -0.297639 -4.60073 0.123298 0.171028 
316 11483.4 519.74 -0.668141 -2.37102 -2.37952 -2.82184 -3.38494 -3.82574 -4.00117 -4.23348 0.296789 -2.06574 0.868589 1.51091 -0.297687 -4.60103 0.123422 0.171064 
317 13.4857 519.42 -0.668159 -5.37102 -2.37952 -2.82204 -3.38489 -3.8259 -4.00116 -4.23345 0.296665 0.934261 0.868138 1.51132 -0.297639 -4.60073 0.123298 0.171028 
318 11483.4 519.74 -0.668141 -2.37102 -2.37952 -2.82184 -3.38494 -3.82574 -4.00117 -4.23348 0.296789 -2.06574 0.868589 1.51091 -0.297687 -4.60103 0.123422 0.171064 
319 13.4857 519.42 -0.668159 -5.37102 -2.37952 -2.82204 -3.38489 -3.8259 -4.00116 -4.23345 0.296665 0.934261 0.868138 1.51132 -0.297639 -4.60073 0.123298 0.171028 
320 11483.4 519.74 -0.668141 -2.37102 -2.37952 -2.82184 -3.38494 -3.82574 -4.00117 -4.23348 0.296789 -2.06574 0.868589 1.51091 -0.297687 -4.60103 0.123422 0.171064 
321 13.4857 519.42 -0.668159 -5.37102 -2.37952 -2.82204 -3.38489 -3.8259 -4.00116 -4.23345 0.296665 0.934261 0.868138 1.51132 -0.297639 -4.60073 0.123298 0.171028 
322 11483.4 519.74 -0.668141 -2.37102 -2.37952 -2.82184 -3.38494 -3.82574 -4.00117 -4.23348 0.296789 -2.06574 0.868589 1.51091 -0.297687 -4.60103 0.123422 0.171064 
323 13.4857 519.42 -0.668159 -5.37102 -2.37952 -2.82204 -3.38489 -3.8259 -4.00116 -4.23345 0.296665 0.934261 0.868138 1.51132 -0.297639 -4.60073 0.123298 0.171028 
324 11483.4 519.74 -0.668141 -2.37102 -2.37952 -2.82184 -3.38494 -3.82574 -4.00117 -4.23348 0.296789 -2.06574 0.868589 1.51091 -0.297687 -4.60103 0.123422 0.171064 
325 13.4857 519.42 -0.668159 -5.37102 -2.37952 -2.82204 -3.38489 -3.8259 -4.00116 -4.23345 0.296665 0.934261 0.868138 1.51132 -0.297639 -4.60073 0.123298 0.171028 
326 11483.4 519.74 -0.668141 -2.37102 -2.37952 -2.82184 -3.38494 -3.82574 -4.00117 -4.23348 0.296789 -2.06574 0.868589 1.51091 -0.297687 -4.60103 0.123422 0.171064 
327 13.4857 519.42 -0.668159 -5.37102 -2.37952 -2.82204 -3.38489 -3.8259 -4.00116 -4.23345 0.296665 0.934261 0.868138 1.51132 -0.297639 -4.60073 0.123298 0.171028 
328 11483.4 519.74 -0.668141 -2.37102 -2.37952 -2.82184 -3.38494 -3.82574 -4.00117 -4.23348 0.296789 -2.06574 0.868589 1.51091 -0.297687 -4.60103 0.123422 0.171064 
329 13.4857 519.42 -0.668159 -5.37102 -2.37952 -2.82204 -3.38489 -3.8259 -4.00116 -4.23345 0.296665 0.934261 0.868138 1.51132 -0.297639 -4.60073 0.123298 0.171028 
330 11483.4 519.74 -0.668141 -2.37102 -2.37952 -2.82184 -3.38494 -3.82574 -4.00117 -4.23348 0.296789 -2.06574 0.868589 1.51091 -0.297687 -4.60103 0.123422 0.171064 
331 13.4857 519.42 -0.668159 -5.37102 -2.37952 -2.82204 -3.38489 -3.8259 -4.00116 -4.23345 0.296665 0.934261 0.868138 1.51132 -0.297639 -4.60073 0.123298 0.171028 
332 11483.4 519.74 -0.668141 -2.37102 -2.37952 -2.82184 -3.38494 -3.82574 -4.00117 -4.23348 0.296789 -2.06574 0.868589 1.51091 -0.297687 -4.60103 0.123422 0.171064 
333 13.4857 519.42 -0.668159 -5.37102 -2.37952 -2.82204 -3.38489 -3.8259 -4.00116 -4.23345 0.296665 0.934261 0.868138 1.51132 -0.297639 -4.60073 0.123298 0.171028 
334 11483.4 519.74 -0.668141 -2.37102 -2.37952 -2.82184 -3.38494 -3.82574 -4.00117 -4.23348 0.296789 -2.06574 0.868589 1.51091 -0.297687 -4.60103 0.123422 0.171064 
335 13.4857 519.42 -0.668159 -5.37102 -2.37952 -2.82204 -3.38489 -3.8259 -4.00116 -4.23345 0.296665 0.934261 0.868138 1.51132 -0.297639 -4.60073 0.123298 0.171028 
336 11483.4 519.74 -0.668141 -2.37102 -2.37952 -2.82184 -3.38494 -3.82574 -4.00117 -4.23348 0.296789 -2.06574 0.868589 1.51091 -0.297687 -4.60103 0.123422 0.171064 
337 13.4857 519.42 -0.668159 -5.37102 -2.37952 -2.82204 -3.38489 -3.8259 -4.00116 -4.23345 0.296665 0.934261 0.868138 1.51132 -0.297639 -4.60073 0.123298 0.171028 
338 11483.4 519.74 -0.668141 -2.37102 -2.37952 -2.82184 -3.38494 -3.82574 -4.00117 -4.23348 0.296789 -2.06574 0.868589 1.51091 -0.297687 -4.60103 0.123422 0.171064 
339 13.4857 519.42 -0.668159 -5.37102 -2.37952 -2.82204 -3.38489 -3.8259 -4.00116 -4.23345 0.296665 0.934261 0.868138 1.51132 -0.297639 -4.60073 0.123298 0.171028 
340 11483.4 519.74 -0.668141 -2.37102 -2.37952 -2.82184 -3.38494 -3.82574 -4.00117 -4.23348 0.296789 -2.06574 0.868589 1.51091 -0.297687 -4.60103 0.123422 0.171064 
341 13.4857 519.42 -0.668159 -5.37102 -2.37952 -2.82204 -3.38489 -3.8259 -4.00116 -4.23345 0.296665 0.934261 0.868138 1.51132 -0.297639 -4.60073 0.123298 0.171028 
342 11483.4 519.74 -0.668141 -2.37102 -2.37952 -2.82184 -3.38494 -3.82574 -4.00117 -4.23348 0.296789 -2.06574 0.868589 1.51091 -0.297687 -4.60103 0.123422 0.171064 
343 13.4857 519.42 -0.668159 -5.37102 -2.37952 -2.82204 -3.38489 -3.8259 -4.00116 -4.23345 0.296665 0.934261 0.868138 1.51132 -0.297639 -4.60073 0.123298 0.171028 
344 11483.4 519.74 -0.668141 -2.37102 -2.37952 -2.82184 -3.38494 -3.82574 -4.00117 -4.23348 0.296789 -2.06574 0.868589 1.51091 -0.297687 -4.60103 0.123422 0.171064 
345 13.4857 519.42 -0.668159 -5.37102 -2.37952 -2.82204 -3.38489 -3.8259 -4.00116 -4.23345 0.296665 0.934261 0.868138 1.51132 -0.297639 -4.60073 0.123298 0.171028 
346 11483.4 519.74 -0.668141 -2.37102 -2.37952 -2.82184 -3.38494 -3.82574 -4.00117 -4.23348 0.296789 -2.06574 0.868589 1.51091 -0.297687 -4.60103 0.123422 0.171064 
347 13.4857 519.42 -0.668159 -5.37102 -2.37952 -2.82204 -3.38489 -3.8259 -4.00116 -4.23345 0.296665 0.934261 0.868138 1.51132 -0.297639 -4.60073 0.123298 0.171028 
348 11483.4 519.74 -0.668141 -2.37102 -2.37952 -2.82184 -3.38494 -3.82574 -4.00117 -4.23348 0.296789 -2.06574 0.868589 1.51091 -0.297687 -4.60103 0.123422 0.171064 
349 13.4857 519.42 -0.668159 -5.37102 -2.37952 -2.82204 -3.38489 -3.8259 -4.00116 -4.23345 0.296665 0.934261 0.868138 1.51132 -0.297639 -4.60073 0.123298 0.171028 
350 11483.4 519.74 -0.668141 -2.37102 -2.37952 -2.82184 -3.38494 -3.82574 -4.00117 -4.23348 0.296789 -2.06574 0.868589 1.51091 -0.297687 -4.60103 0.123422 0.171064 
351 13.4857 519.42 -0.668159 -5.37102 -2.37952 -2.82204 -3.38489 -3.8259 -4.00116 -4.23345 0.296665 0.934261 0.868138 1.51132 -0.297639 -4.60073 0.123298 0.171028 
352 11483.4 519.74 -0.668141 -2.37102 -2.37952 -2.82184 -3.38494 -3.82574 -4.00117 -4.23348 0.296789 -2.06574 0.868589 1.51091 -0.297687 -4.60103 0.123422 0.171064 
353 13.4857 519.42 -0.668159 -5.37102 -2.37952 -2.82204 -3.38489 -3.8259 -4.00116 -4.23345 0.296665 0.934261 0.868138 1.51132 -0.297639 -4.60073 0.123298 0.171028 
354 11483.4 519.74 -0.668141 -2.37102 -2.37952 -2.82184 -3.38494 -3.82574 -4.00117 -4.23348 0.296789 -2.06574 0.868589 1.51091 -0.297687 -4.60103 0.123422 0.171064 
355 13.4857 519.42 -0.668159 -5.37102 -2.37952 -2.82204 -3.38489 -3.8259 -4.00116 -4.23345 0.296665 0.934261 0.868138 1.51132 -0.297639 -4.60073 0.123298 0.171028 
356 11483.4 519.74 -0.668141 -2.37102 -2.37952 -2.82184 -3.38494 -3.82574 -4.00117 -4.23348 0.296789 -2.06574 0.868589 1.51091 -0.297687 -4.60103 0.123422 0.171064 
357 13.4857 519.42 -0.668159 -5.37102 -2.37952 -2.82204 -3.38489 -3.8259 -4.00116 -4.23345 0.296665 0.934261 0.868138 1.51132 -0.297639 -4.60073 0.123298 0.171028 
358 11483.4 519.74 -0.668141 -2.37102 -2.37952 -2.82184 -3.38494 -3.82574 -4.00117 -4.23348 0.296789 -2.06574 0.868589 1.51091 -0.297687 -4.60103 0.123422 0.171064 
359 13.4857 519.42 -0.668159 -5.37102 -2.37952 -2.82204 -3.38489 -3.8259 -4.00116 -4.23345 0.296665 0.934261 0.868138 1.51132 -0.297639 -4.60073 0.123298 0.171028 
360 11483.4 519.74 -0.668141 -2.37102 -2.37952 -2.82184 -3.38494 -3.82574 -4.00117 -4.23348 0.296789 -2.06574 0.868589 1.51091 -0.297687 -4.60103 0.123422 0.171064 
361 13.4857 519.42 -0.668159 -5.37102 -2.37952 -2.82204 -3.38489 -3.8259 -4.00116 -4.23345 0.296665 0.934261 0.868138 1.51132 -0.297639 -4.60073 0.123298 0.171028 
362 11483.4 519.74 -0.668141 -2.37102 -2.37952 -2.82184 -3.38494 -3.82574 -4.00117 -4.23348 0.296789 -2.06574 0.868589 1.51091 -0.297687 -4.60103 0.123422 0.171064 
363 13.4857 519.42 -0.668159 -5.37102 -2.37952 -2.82204 -3.38489 -3.8259 -4.00116 -4.23345 0.296665 0.934261 0.868138 1.51132 -0.297639 -4.60073 0.123298 0.171028 
364 11483.4 519.74 -0.668141 -2.37102 -2.37952 -2.82184 -3.38494 -3.82574 -4.00117 -4.23348 0.296789 -2.06574 0.868589 1.51091 -0.297687 -4.60103 0.123422 0.171064 
365 13.4857 519.42 -0.668159 -5.37102 -2.37952 -2.82204 -3.38489 -3.8259 -4.00116 -4.23345 0.296665 0.934261 0.868138 1.51132 -0.297639 -4.60073 0.123298 0.171028 
366 11483.4 519.74 -0.668141 -2.37102 -2.37952 -2.82184 -3.38494 -3.82574 -4.00117 -4.23348 0.296789 -2.06574 0.868589 1.51091 -0.297687 -4.60103 0.123422 0.171064 
367 13.4857 519.42 -0.668159 -5.37102 -2.37952 -2.82204 -3.38489 -3.8259 -4.00116 -4.23345 0.296665 0.934261 0.868138 1.51132 -0.297639 -4.60073 0.123298 0.171028 
368 11483.4 519.74 -0.668141 -2.37102 -2.37952 -2.82184 -3.38494 -3.82574 -4.00117 -4.23348 0.296789 -2.06574 0.868589 1.51091 -0.297687 -4.60103 0.123422 0.171064 
369 13.4857 519.42 -0.668159 -5.37102 -2.37952 -2.82204 -3.38489 -3.8259 -4.00116 -4.23345 0.296665 0.934261 0.868138 1.51132 -0.297639 -4.60073 0.123298 0.171028 
370 11483.4 519.74 -0.668141 -2.37102 -2.37952 -2.82184 -3.38494 -3.82574 -4.00117 -4.23348 0.296789 -2.06574 0.868589 1.51091 -0.297687 -4.60103 0.123422 0.171064 
371 13.4857 519.42 -0.668159 -5.37102 -2.37952 -2.82204 -3.38489 -3.8259 -4.00116 -4.23345 0.296665 0.934261 0.868138 1.51132 -0.297639 -4.60073 0.123298 0.171028 
372 11483.4 519.74 -0.668141 -2.37102 -2.37952 -2.82184 -3.38494 -3.82574 -4.00117 -4.23348 0.296789 -2.06574 0.868589 1.51091 -0.297687 -4.60103 0.123422 0.171064 
373 13.4857 519.42 -0.668159 -5.37102 -2.37952 -2.82204 -3.38489 -3.8259 -4.00116 -4.23345 0.296665 0.934261 0.868138 1.51132 -0.297639 -4.60073 0.123298 0.171028 
374 11483.4 519.74 -0.668141 -2.37102 -2.37952 -2.82184 -3.38494 -3.82574 -4.00117 -4.23348 0.296789 -2.06574 0.868589 1.51091 -0.297687 -4.60103 0.123422 0.171064 
375 13.4857 519.42 -0.668159 -5.37102 -2.37952 -2.82204 -3.38489 -3.8259 -4.00116 -4.23345 0.296665 0.934261 0.868138 1.51132 -0.297639 -4.60073 0.123298 0.171028 
376 11483.4 519.74 -0.668141 -2.37102 -2.37952 -2.82184 -3.38494 -3.82574 -4.00117 -4.23348 0.296789 -2.06574 0.868589 1.51091 -0.297687 -4.60103 0.123422 0.171064 
377 13.4857 519.42 -0.668159 -5.37102 -2.37952 -2.82204 -3.38489 -3.8259 -4.00116 -4.23345 0.296665 0.934261 0.868138 1.51132 -0.297639 -4.60073 0.123298 0.171028 
378 11483.4 519.74 -0.668141 -2.37102 -2.37952 -2.82184 -3.38494 -3.82574 -4.00117 -4.23348 0.296789 -2.06574 0.868589 1.51091 -0.297687 -4.60103 0.123422 0.171064 
379 13.4857 519.42 -0.668159 -5.37102 -2.37952 -2.82204 -3.38489 -3.8259 -4.00116 -4.23345 0.296665 0.934261 0.868138 1.51132 -0.297639 -4.60073 0.123298 0.171028 
380 11483.4 519.74 -0.668141 -2.37102 -2.37952 -2.82184 -3.38494 -3.82574 -4.00117 -4.23348 0.296789 -2.06574 0.868589 1.51091 -0.297687 -4.60103 0.123422 0.171064 
381 13.4857 519.42 -0.668159 -5.37102 -2.37952 -2.82204 -3.38489 -3.8259 -4.00116 -4.23345 0.296665 0.934261 0.868138 1.51132 -0.297639 -4.60073 0.123298 0.171028 
382 11483.4 519.74 -0.668141 -2.37102 -2.37952 -2.82184 -3.38494 -3.82574 -4.00117 -4.23348 0.296789 -2.06574 0.868589 1.51091 -0.297687 -4.60103 0.123422 0.171064 
383 13.4857 519.42 -0.668159 -5.37102 -2.37952 -2.82204 -3.38489 -3.8259 -4.00116 -4.23345 0.296665 0.934261 0.868138 1.51132 -0.297639 -4.60073 0.123298 0.171028 
384 11483.4 519.74 -0.668141 -2.37102 -2.37952 -2.82184 -3.38494 -3.82574 -4.00117 -4.23348 0.296789 -2.06574 0.868589 1.51091 -0.297687 -4.60103 0.123422 0.171064 
385 13.4857 519.42 -0.668159 -5.37102 -2.37952 -2.82204 -3.38489 -3.8259 -4.00116 -4.23345 0.296665 0.934261 0.868138 1.51132 -0.297639 -4.60073 0.123298 0.171028 
386 11483.4 519.74 -0.668141 -2.37102 -2.37952 -2.82184 -3.38494 -3.82574 -4.00117 -4.23348 0.296789 -2.06574 0.868589 1.51091 -0.297687 -4.60103 0.123422 0.171064 
387 13.4857 519.42 -0.668159 -5.37102 -2.37952 -2.82204 -3.38489 -3.8259 -4.00116 -4.23345 0.296665 0.934261 0.868138 1.51132 -0.297639 -4.60073 0.123298 0.171028 
388 11483.4 519.74 -0.668141 -2.37102 -2.37952 -2.82184 -3.38494 -3.82574 -4.00117 -4.23348 0.296789 -2.06574 0.868589 1.51091 -0.297687 -4.60103 0.123422 0.171064 
389 13.4857 519.42 -0.668159 -5.37102 -2.37952 -2.82204 -3.38489 -3.8259 -4.00116 -4.23345 0.296665 0.934261 0.868138 1.51132 -0.297639 -4.60073 0.123298 0.171028 
390 11483.4 519.74 -0.668141 -2.37102 -2.37952 -2.82184 -3.38494 -3.82574 -4.00117 -4.23348 0.296789 -2.06574 0.868589 1.51091 -0.297687 -4.60103 0.123422 0.171064 
391 13.4857 519.42 -0.668159 -5.37102 -2.37952 -2.82204 -3.38489 -3.8259 -4.00116 -4.23345 0.296665 0.934261 0.868138 1.51132 -0.297639 -4.60073 0.123298 0.171028 
392 11483.4 519.74 -0.668141 -2.37102 -2.37952 -2.82184 -3.38494 -3.82574 -4.00117 -4.23348 0.296789 -2.06574 0.868589 1.51091 -0.297687 -4.60103 0.123422 0.171064 
393 13.4857 519.42 -0.668159 -5.37102 -2.37952 -2.82204 -3.38489 -3.8259 -4.00116 -4.23345 0.296665 0.934261 0.868138 1.51132 -0.297639 -4.60073 0.123298 0.171028 
394 11483.4 519.74 -0.668141 -2.37102 -2.37952 -2.82184 -3.38494 -3.82574 -4.00117 -4.23348 0.296789 -2.06574 0.868589 1.51091 -0.297687 -4.60103 0.123422 0.171064 
395 13.4857 519.42 -0.668159 -5.37102 -2.37952 -2.82204 -3.38489 -3.8259 -4.00116 -4.23345 0.296665 0.934261 0.868138 1.51132 -0.297639 -4.60073 0.123298 0.171028 
396 11483.4 519.74 -0.668141 -2.37102 -2.37952 -2.82184 -3.38494 -3.82574 -4.00117 -4.23348 0.296789 -2.06574 0.868589 1.51091 -0.297687 -4.60103 0.123422 0.171064 
397 13.4857 519.42 -0.668159 -5.37102 -2.37952 -2.82204 -3.38489 -3.8259 -4.00116 -4.23345 0.296665 0.934261 0.868138 1.51132 -0.297639 -4.60073 0.123298 0.171028 
398 11483.4 519.74 -0.668141 -2.37102 -2.37952 -2.82184 -3.38494 -3.82574 -4.00117 -4.23348 0.296789 -2.06574 0.868589 1.51091 -0.297687 -4.60103 0.123422 0.171064 
399 13.4857 519.42 -0.668159 -5.37102 -2.37952 -2.82204 -3.38489 -3.8259 -4.00116 -4.23345 0.296665 0.934261 0.868138 1.51132 -0.297639 -4.60073 0.123298 0.171028 
400 11483.4 519.74 -0.668141 -2.37102 -2.37952 -2.82184 -3.38494 -3.82574 -4.00117 -4.23348 0.296789 -2.06574 0.868589 1.51091 -0.297687 -4.60103 0.123422 0.171064 
---------------------------------------
-0.668141 -2.37102 -2.37952 -2.82184 -3.38494 -3.82574 -4.00117 -4.23348 0.296789 -2.06574 0.868589 1.51091 -0.297687 -4.60103 0.123422 0.171064 
0.0120168 3886.47 0.135379 0.179865 0.100702 0.278444 0.120504 0.18917 0.138386 9055.52 0.46083 0.516912 0.342219 0.698633 0.340152 0.394855 
11.6986 0.00076913 0.7731 0.0634457 -0.00288382 0.000448176 0.00606374 0.00199563 0.132317 -0.000127839 -0.0654638 -0.0157035 -0.000852522 -0.000622674 -0.00261574 0.00105368 
---------------------------------------
***************************************

# 0.005 0.019 0.0425 0.07 0.11 0.17 0.24 0.4 0.603 
-6.681e-01 1.202e-02
-2.371e+00 3.886e+03
-2.380e+00 1.354e-01
-2.822e+00 1.799e-01
-3.385e+00 1.007e-01
-3.826e+00 2.784e-01
-4.001e+00 1.205e-01
-4.233e+00 1.892e-01
2.968e-01 1.384e-01
-2.066e+00 9.056e+03
8.686e-01 4.608e-01
1.511e+00 5.169e-01
-2.977e-01 3.422e-01
1.682e+00 6.986e-01
1.234e-01 3.402e-01
1.711e-01 3.949e-01
***************************************
***************************************

# 0.005 0.019 0.0425 0.07 0.11 0.17 0.24 0.4 0.603 
6.533e-02 2.816e-01
-9.694e-02 2.103e-01
-1.175e+00 2.185e-01
-1.525e+00 1.729e-01
-2.166e+00 1.536e-01
-2.492e+00 1.538e-01
-3.258e+00 1.803e-01
-9.328e+00 7.607e+01
-1.372e+00 2.752e-01
-1.786e+00 2.125e-01
-3.211e+00 2.517e-01
-3.546e+00 2.068e-01
-4.456e+00 3.130e-01
-4.437e+00 2.542e-01
-4.554e+00 1.715e-01
-4.575e+00 1.674e-01
-6.681e-01 1.202e-02
-2.371e+00 3.886e+03
-2.380e+00 1.354e-01
-2.822e+00 1.799e-01
-3.385e+00 1.007e-01
-3.826e+00 2.784e-01
-4.001e+00 1.205e-01
-4.233e+00 1.892e-01
2.968e-01 1.384e-01
-2.066e+00 9.056e+03
8.686e-01 4.608e-01
1.511e+00 5.169e-01
-2.977e-01 3.422e-01
1.682e+00 6.986e-01
1.234e-01 3.402e-01
1.711e-01 3.949e-01
***************************************
