1 0.434611 -491.51 0.59964 0.590447 0.569742 0.0600576 -0.0130874 -0.133907 -0.0744009 0.765389 
2 0.434663 -408.447 0.299638 0.220195 0.147297 -0.362399 -0.443438 -0.566426 -0.508462 0.330726 
3 0.434836 -328.241 0.161457 -0.0589404 -0.254948 -0.766055 -0.866736 -0.995477 -0.94184 -0.104109 
4 0.435199 -252.512 0.126512 -0.177032 -0.610092 -1.12575 -1.27204 -1.4162 -1.37407 -0.539308 
5 0.435642 -182.624 0.0980863 -0.158407 -0.885032 -1.39352 -1.63408 -1.81532 -1.80393 -0.974951 
6 0.435981 -120.771 0.0861192 -0.125087 -1.06156 -1.5208 -1.90918 -2.15751 -2.2274 -1.41093 
7 0.435652 -69.9686 0.0798813 -0.108422 -1.14061 -1.54165 -2.06167 -2.38051 -2.6311 -1.84658 
8 0.4362 -31.5681 0.074921 -0.102477 -1.16209 -1.53848 -2.1216 -2.45906 -2.9752 -2.28278 
9 0.440782 -4.59566 0.070836 -0.100136 -1.16698 -1.53802 -2.14419 -2.47657 -3.18347 -2.72357 
10 0.449792 13.4885 0.0679699 -0.0990229 -1.17022 -1.53795 -2.15339 -2.48548 -3.23625 -3.17336 
11 0.466438 24.952 0.0664442 -0.0983808 -1.17255 -1.53545 -2.1578 -2.48827 -3.24357 -3.6398 
12 0.525645 30.7833 0.0657617 -0.097803 -1.17374 -1.53166 -2.16103 -2.48922 -3.24754 -4.16544 
13 0.782952 32.9614 0.065477 -0.0973134 -1.17437 -1.5282 -2.16356 -2.48991 -3.247 -4.94839 
14 2.75971 33.6039 0.0654452 -0.0971805 -1.17451 -1.52711 -2.1643 -2.4901 -3.24638 -6.32825 
15 57.466 33.7075 0.065424 -0.0970835 -1.17461 -1.52629 -2.16485 -2.49023 -3.2459 -9.32825 
16 0.01254 33.7117 0.0654031 -0.0970511 -1.1747 -1.52588 -2.16546 -2.49098 -3.25217 -9.32825 
17 0.00626569 33.7136 0.0653712 -0.0970086 -1.17477 -1.52567 -2.16585 -2.49144 -3.2553 -9.32825 
18 0.00310111 33.714 0.0653492 -0.0969757 -1.17483 -1.52556 -2.16607 -2.4917 -3.25685 -9.32825 
19 0.0015287 33.7141 0.0653367 -0.0969539 -1.17486 -1.5255 -2.16621 -2.49185 -3.25762 -9.32825 
20 0.000752654 33.7142 0.0653303 -0.0969406 -1.17489 -1.52547 -2.16629 -2.49193 -3.25799 -9.32825 
---------------------------------------
0.0653303 -0.0969406 -1.17489 -1.52547 -2.16629 -2.49193 -3.25799 -9.32825 
0.281565 0.210257 0.218489 0.17294 0.153595 0.153835 0.180313 76.0678 
-0.000147453 0.000528689 -0.000861221 0.00189264 -0.00704766 -0.00804058 -0.0230055 -9.92274e-06 
---------------------------------------
***************************************

# 0.005 0.019 0.0425 0.07 0.11 0.17 0.24 0.4 0.603 
6.533e-02 2.816e-01
-9.694e-02 2.103e-01
-1.175e+00 2.185e-01
-1.525e+00 1.729e-01
-2.166e+00 1.536e-01
-2.492e+00 1.538e-01
-3.258e+00 1.803e-01
-9.328e+00 7.607e+01
***************************************
1 0.444496 43.8358 -0.972831 -1.26832 -1.13638 1.95581 -1.17079 -1.93333 -1.43104 -3.5445 
2 0.469753 97.6107 -1.19817 -1.56433 -1.52759 1.52186 -1.59897 -2.35667 -1.86027 -4.01425 
3 0.475961 146.793 -1.22829 -1.70594 -1.86843 1.08818 -2.02275 -2.76337 -2.28558 -4.49021 
4 0.433999 190.058 -1.21275 -1.68045 -2.13675 0.654176 -2.44184 -3.15812 -2.70412 -4.88436 
5 0.436218 227.586 -1.22814 -1.62927 -2.33128 0.217958 -2.84906 -3.55139 -3.10731 -4.93721 
6 0.439518 259.291 -1.23709 -1.60869 -2.46373 -0.22156 -3.22637 -3.94295 -3.47168 -4.83963 
7 0.443018 283.818 -1.24592 -1.59992 -2.53899 -0.664578 -3.52931 -4.28892 -3.75321 -4.88888 
8 0.445791 300.341 -1.25076 -1.60116 -2.5808 -1.11037 -3.67621 -4.47048 -3.91614 -4.96308 
9 0.444835 311.13 -1.25514 -1.60344 -2.61077 -1.5552 -3.69033 -4.44813 -3.97808 -5.03339 
10 0.438458 319.848 -1.2584 -1.60537 -2.63735 -1.99366 -3.69723 -4.4078 -4.00027 -5.05589 
11 0.427422 327.466 -1.26224 -1.60869 -2.6659 -2.42108 -3.69315 -4.40313 -4.00705 -5.05925 
12 0.406969 333.791 -1.26823 -1.60907 -2.70194 -2.82805 -3.67879 -4.42078 -4.00539 -5.05509 
13 0.356763 338.413 -1.27535 -1.60454 -2.75076 -3.18482 -3.66812 -4.43773 -4.00146 -5.04225 
14 0.245358 340.956 -1.28168 -1.5966 -2.80736 -3.43017 -3.66589 -4.44242 -3.99967 -5.02343 
15 0.102014 341.764 -1.28339 -1.59273 -2.83023 -3.48118 -3.66521 -4.4422 -3.99957 -5.01544 
16 0.0647218 341.84 -1.28441 -1.58964 -2.84703 -3.51354 -3.66443 -4.44212 -3.99926 -5.01012 
17 0.0397109 341.87 -1.28499 -1.58727 -2.85884 -3.5334 -3.66368 -4.44228 -3.99884 -5.00652 
18 0.0239835 341.881 -1.28531 -1.58551 -2.86683 -3.54539 -3.66305 -4.44269 -3.99839 -5.00411 
19 0.0144165 341.885 -1.28546 -1.58425 -2.87211 -3.5526 -3.66254 -4.44328 -3.99796 -5.00251 
20 0.00867238 341.887 -1.28552 -1.58337 -2.87552 -3.55693 -3.66216 -4.44397 -3.99757 -5.00145 
21 0.00523136 341.888 -1.28555 -1.58276 -2.8777 -3.55955 -3.66188 -4.44469 -3.99723 -5.00074 
22 0.00316496 341.888 -1.28556 -1.58236 -2.87908 -3.56113 -3.66169 -4.44541 -3.99694 -5.00025 
23 0.00191916 341.888 -1.28556 -1.58209 -2.87997 -3.56209 -3.66155 -4.44608 -3.99669 -4.99992 
24 0.00123321 341.888 -1.28555 -1.58191 -2.88053 -3.56267 -3.66145 -4.4467 -3.99649 -4.99968 
25 0.00110126 341.888 -1.28555 -1.58179 -2.88088 -3.56303 -3.66139 -4.44725 -3.99632 -4.99951 
26 0.000967224 341.888 -1.28555 -1.58172 -2.88111 -3.56324 -3.66134 -4.44773 -3.99619 -4.99938 
---------------------------------------
-1.28555 -1.58172 -2.88111 -3.56324 -3.66134 -4.44773 -3.99619 -4.99938 
0.27948 0.212814 0.258718 0.288791 0.230564 0.49734 0.156937 0.466121 
0.000139508 0.00295772 -0.00724996 -0.00563349 0.000564244 -0.00340435 0.00981492 0.00135274 
---------------------------------------
***************************************

# 0.005 0.019 0.0425 0.07 0.11 0.17 0.24 0.4 0.603 
-1.286e+00 2.795e-01
-1.582e+00 2.128e-01
-2.881e+00 2.587e-01
-3.563e+00 2.888e-01
-3.661e+00 2.306e-01
-4.448e+00 4.973e-01
-3.996e+00 1.569e-01
-4.999e+00 4.661e-01
***************************************
1 2991.28 -3114.74 -0.628747 -0.86779 -2.12037 -2.70973 -3.01669 -3.53266 -3.92709 -7.46382 -1.86849 -2.65218 -1.14909 0.256033 -2.19821 -2.4 -1.31398 0.93 
2 165.287 142.064 -0.724627 -0.944321 -2.2008 -2.73199 -3.11286 -3.5812 -3.96553 -7.16382 -1.81097 -2.62261 -1.00656 0.33612 -2.22338 -2.35884 -1.34572 0.63 
3 69.091 313.358 -0.80213 -1.0384 -2.26848 -2.74464 -3.22764 -3.64837 -4.00496 -6.86382 -1.70026 -2.61715 -0.868848 0.412343 -2.25005 -2.33358 -1.39543 0.33 
4 30.6185 342.958 -0.872648 -1.14997 -2.32759 -2.75314 -3.35747 -3.7255 -4.04409 -6.56382 -1.55013 -2.61685 -0.718334 0.485105 -2.2866 -2.30522 -1.44944 0.63 
5 14.9805 356.769 -1.46958 -2.49212 -2.81696 -2.80762 -4.88589 -4.60289 -4.42475 -3.56382 0.319679 -2.66567 0.977508 1.1717 -2.83268 -1.97395 -2.01365 -2.37 
7 7.40494 365.002 -1.35295 -2.96541 -2.73024 -2.78852 -5.41809 -4.81952 -4.44997 -3.26382 0.809934 -2.75101 1.32049 1.19371 -3.25702 -1.86808 -2.08763 3.33 
9 3.70679 370.585 -1.15538 -3.71931 -2.59744 -2.77203 -6.29336 -5.09045 -4.47393 -2.96382 1.15619 -2.93067 1.59194 1.20851 -4.25347 -1.71171 -2.16075 -0.52491 
11 4.76389 374.666 -0.92514 -4.67901 -2.43919 -2.75797 -6.96032 -5.4534 -4.4977 -3.90301 1.2505 -3.43485 1.73028 1.2175 -5.61485 -1.45259 -2.23104 0.622973 
13 13.7045 377.567 -0.737626 -4.97901 -2.29085 -2.74675 -7.26032 -5.97786 -4.51922 -4.374 1.10844 -5.43506 1.72453 1.22562 -5.91485 -0.963243 -2.30091 0.655418 
14 11605.3 380.393 -0.902449 -1.97901 -2.20907 -2.70742 -4.26032 -8.97786 -4.81625 -4.71774 -0.0321336 -8.43506 0.65695 1.36386 -2.91485 2.03676 -3.05577 0.808277 
15 45104.4 383.772 -0.512967 -4.97901 -2.07079 -2.66381 -7.26032 -5.97786 -4.25583 -4.74062 0.257069 -5.43506 1.06393 1.24962 -5.91485 2.03676 -3.35136 0.962062 
17 106810 384.912 -0.703413 -5.27901 -2.13138 -2.68204 -7.56032 -5.67786 -4.5331 -4.7299 0.108034 -5.13506 0.865534 1.30235 -6.21485 -0.963243 -3.16835 0.897216 
18 30636.1 388.485 -0.623306 -2.27901 -2.06313 -2.64736 -4.56032 -8.67786 -4.47308 -4.72952 0.149743 -8.13506 0.939462 1.26448 -3.21485 2.03676 -3.15115 1.02881 
19 93799.2 388.457 -0.633964 -5.27901 -2.06488 -2.62636 -7.41209 -5.67786 -4.48018 -4.71489 0.158626 -5.13506 0.923729 1.23931 -6.21485 -0.963243 -3.15968 1.02446 
20 21598.2 390.372 -0.637291 -2.27901 -2.06425 -2.61875 -4.41209 -8.67786 -4.48915 -4.71343 0.160065 -8.13506 0.908337 1.25087 -3.21485 2.03676 -3.15734 1.04413 
21 95604.1 390.158 -0.638397 -5.27901 -2.06331 -2.61436 -6.75727 -5.67786 -4.48544 -4.7114 0.159532 -5.13506 0.900018 1.26016 -6.21485 -0.963243 -3.1574 1.06348 
22 13624.1 390.569 -0.638809 -2.27901 -2.06279 -2.61086 -3.75727 -8.67786 -4.48759 -4.71286 0.159663 -8.13506 0.8949 1.26646 -3.21485 2.03676 -3.15951 1.08073 
23 91542.6 389.696 -0.638766 -5.27901 -2.06168 -2.61013 -4.5104 -5.67786 -4.45891 -4.70569 0.158839 -5.13506 0.894556 1.26831 -5.77664 -0.963243 -3.15462 1.0848 
24 13588.9 390.762 -0.638932 -2.27901 -2.06191 -2.60733 -1.5104 -8.67786 -4.47519 -4.7113 0.159389 -8.13506 0.891186 1.27151 -2.77664 2.03676 -3.1657 1.10347 
26 5916.13 390.996 -0.63896 -1.97901 -2.06187 -2.60706 -1.2104 -8.97786 -4.47607 -4.71289 0.159352 -8.43506 0.891285 1.2716 -3.15051 2.33676 -3.17143 1.10542 
28 3021.27 391.408 -0.639005 -1.67901 -2.06176 -2.6068 -2.45106 -3.27786 -4.47494 -4.7158 0.159169 -2.73506 0.891805 1.27095 -4.99529 2.63676 -3.18082 1.1079 
30 1486.72 391.71 -0.639053 -1.37901 -2.0617 -2.60654 -2.78965 -2.97786 -4.47518 -4.71858 0.159005 -8.43506 0.89216 1.2704 -5.11842 2.93676 -3.18801 1.10973 
32 758.891 391.973 -0.639099 -1.07901 -2.06166 -2.60631 -2.93529 -2.67786 -4.47552 -4.72118 0.158831 -2.73506 0.892568 1.26984 -5.15701 3.23676 -3.19492 1.11104 
34 373.193 392.218 -0.639147 -0.77901 -2.06162 -2.60613 -3.01098 -2.37786 -4.47596 -4.72354 0.158658 -8.43506 0.893107 1.2693 -5.17532 3.53676 -3.20242 1.1117 
36 190.328 392.468 -0.639191 -0.47901 -2.06159 -2.60599 -3.0538 -2.07786 -4.4766 -4.72536 0.158483 -2.73506 0.893885 1.2689 -5.18681 3.83676 -3.21193 1.11169 
38 93.4054 392.744 -0.639232 -0.17901 -2.06157 -2.60587 -3.07895 -1.94679 -4.47763 -4.7259 0.158366 -8.43506 0.895061 1.26892 -5.19619 0.607883 -3.22608 1.11138 
40 47.4709 393.08 -0.639281 0.12099 -2.06153 -2.606 -3.09361 -3.13676 -4.47925 -4.72617 0.158222 -2.73506 0.896986 1.26889 -5.20619 1.02556 -3.24439 1.10709 
42 23.1077 393.404 -0.639333 0.42099 -2.06151 -2.60607 -3.10181 -3.43366 -4.48063 -4.72665 0.158169 -8.43506 0.898687 1.26877 -5.21282 1.06282 -3.26074 1.10381 
44 11.5622 393.79 -0.639353 0.72099 -2.0615 -2.60618 -3.10577 -3.56715 -4.4818 -4.72708 0.157987 -4.51871 0.900384 1.26855 -5.21785 1.07601 -3.27636 1.10079 
46 5.57193 394.311 -0.639374 0.806954 -2.0615 -2.60632 -3.10704 -3.63845 -4.48276 -4.7276 0.158047 -5.84917 0.902244 1.2683 -5.22203 1.08279 -3.29134 1.09707 
48 2.70556 395.059 -0.639348 -0.347633 -2.06153 -2.60656 -3.10641 -3.67954 -4.48342 -4.72813 0.15811 -5.67331 0.90447 1.26802 -5.22542 1.08744 -3.30542 1.09235 
50 1.85304 395.655 -0.639335 -0.638617 -2.06158 -2.6068 -3.1045 -3.70461 -4.48426 -4.72868 0.158115 -5.65711 0.906674 1.26777 -5.22852 1.09074 -3.31945 1.08785 
52 1.40574 396.189 -0.639324 -0.769612 -2.06163 -2.60706 -3.1017 -3.72008 -4.48515 -4.72923 0.158093 -5.65194 0.908913 1.26753 -5.23137 1.09335 -3.33331 1.08335 
54 1.12535 396.68 -0.639313 -0.839519 -2.06169 -2.60734 -3.0983 -3.7295 -4.48606 -4.72977 0.15805 -5.64973 0.911192 1.2673 -5.23402 1.09557 -3.34698 1.07881 
55 0.912661 395.327 -0.631636 -0.844807 -2.06355 -2.64431 -3.00324 -3.56564 -4.41885 -4.77103 0.194411 -5.6937 0.99239 1.2987 -5.2194 1.40716 -2.89065 0.732105 
56 0.589697 410.702 -0.635107 -0.845723 -2.0803 -2.66578 -2.9505 -3.62281 -4.65145 -4.74049 0.17502 -5.71314 1.11654 1.21231 -5.3096 1.15874 -3.48035 1.12427 
57 0.320589 411.894 -0.634909 -0.845601 -2.08136 -2.68257 -2.94103 -3.60096 -4.63797 -4.75864 0.172906 -5.71778 1.10782 1.21239 -5.31309 1.16404 -3.63019 0.963974 
58 0.233269 412.025 -0.634903 -0.845476 -2.08281 -2.69619 -2.93483 -3.58885 -4.62377 -4.74859 0.171346 -5.72104 1.10692 1.20208 -5.31927 1.16393 -3.74682 0.877148 
59 0.178467 412.094 -0.634942 -0.845382 -2.08429 -2.70747 -2.93068 -3.58039 -4.60851 -4.73784 0.170284 -5.7236 1.10794 1.1904 -5.32482 1.16364 -3.83606 0.834191 
60 0.131123 412.134 -0.634984 -0.845314 -2.08565 -2.71673 -2.92787 -3.57389 -4.59395 -4.72958 0.169559 -5.72567 1.10925 1.18009 -5.32934 1.16381 -3.90162 0.809582 
61 0.0959358 412.158 -0.635016 -0.845264 -2.08685 -2.72424 -2.92595 -3.56874 -4.58126 -4.72333 0.169058 -5.72734 1.11043 1.1717 -5.33297 1.16431 -3.94959 0.793644 
62 0.0711478 412.172 -0.635039 -0.845226 -2.08786 -2.73027 -2.92463 -3.5646 -4.57073 -4.71856 0.16871 -5.72869 1.11141 1.1651 -5.33588 1.16495 -3.98516 0.782579 
63 0.053627 412.18 -0.635054 -0.845196 -2.08871 -2.73507 -2.9237 -3.56129 -4.56219 -4.71491 0.168468 -5.72976 1.1122 1.16001 -5.3382 1.16562 -4.01197 0.77461 
64 0.0409914 412.184 -0.635064 -0.845174 -2.0894 -2.73886 -2.92304 -3.55863 -4.55538 -4.7121 0.168299 -5.73062 1.11284 1.15611 -5.34007 1.16626 -4.03247 0.768755 
65 0.0316763 412.187 -0.63507 -0.845156 -2.08995 -2.74185 -2.92257 -3.5565 -4.54998 -4.70993 0.168182 -5.7313 1.11336 1.15315 -5.34156 1.16684 -4.04831 0.764404 
66 0.0246757 412.188 -0.635074 -0.845141 -2.0904 -2.7442 -2.92222 -3.5548 -4.54573 -4.70825 0.168101 -5.73183 1.11378 1.15091 -5.34277 1.16736 -4.06065 0.761146 
67 0.0193329 412.189 -0.635076 -0.84513 -2.09075 -2.74604 -2.92197 -3.55345 -4.54241 -4.70694 0.168045 -5.73225 1.11411 1.14921 -5.34374 1.16779 -4.07031 0.758696 
68 0.015207 412.189 -0.635078 -0.845122 -2.09103 -2.74748 -2.92178 -3.55238 -4.5398 -4.70593 0.168007 -5.73259 1.11439 1.14793 -5.34451 1.16817 -4.07792 0.756844 
69 0.0119933 412.19 -0.635079 -0.845115 -2.09125 -2.7486 -2.92163 -3.55152 -4.53777 -4.70514 0.16798 -5.73285 1.11461 1.14696 -5.34513 1.16848 -4.08391 0.75544 
70 0.00947464 412.19 -0.635079 -0.845109 -2.09142 -2.74948 -2.92152 -3.55084 -4.53619 -4.70452 0.167961 -5.73305 1.11478 1.14622 -5.34563 1.16873 -4.08865 0.754372 
71 0.00749223 412.19 -0.63508 -0.845105 -2.09156 -2.75016 -2.92144 -3.5503 -4.53495 -4.70404 0.167949 -5.73321 1.11492 1.14566 -5.34603 1.16894 -4.0924 0.753558 
72 0.00592748 412.19 -0.63508 -0.845102 -2.09166 -2.7507 -2.92137 -3.54988 -4.53399 -4.70367 0.16794 -5.73334 1.11504 1.14524 -5.34634 1.16912 -4.09536 0.752935 
73 0.00469017 412.19 -0.63508 -0.845099 -2.09175 -2.75112 -2.92132 -3.54954 -4.53324 -4.70338 0.167934 -5.73343 1.11513 1.14491 -5.34659 1.16925 -4.0977 0.752458 
74 0.00371077 412.19 -0.63508 -0.845097 -2.09181 -2.75145 -2.92128 -3.54927 -4.53265 -4.70315 0.167929 -5.73351 1.1152 1.14467 -5.34679 1.16937 -4.09956 0.752091 
75 0.00293512 412.19 -0.63508 -0.845095 -2.09186 -2.7517 -2.92125 -3.54906 -4.53219 -4.70297 0.167927 -5.73357 1.11526 1.14448 -5.34695 1.16946 -4.10103 0.751809 
76 0.00232077 412.19 -0.63508 -0.845094 -2.0919 -2.7519 -2.92123 -3.54889 -4.53184 -4.70283 0.167925 -5.73362 1.1153 1.14433 -5.34708 1.16953 -4.10219 0.751592 
77 0.00183423 412.19 -0.63508 -0.845093 -2.09193 -2.75206 -2.92121 -3.54876 -4.53156 -4.70272 0.167923 -5.73365 1.11534 1.14422 -5.34718 1.16959 -4.1031 0.751424 
78 0.00144904 412.19 -0.635081 -0.845092 -2.09196 -2.75218 -2.9212 -3.54866 -4.53134 -4.70263 0.167922 -5.73368 1.11537 1.14414 -5.34726 1.16964 -4.10383 0.751294 
79 0.0011442 412.19 -0.635081 -0.845092 -2.09198 -2.75228 -2.92119 -3.54858 -4.53117 -4.70256 0.167922 -5.73371 1.11539 1.14407 -5.34732 1.16967 -4.1044 0.751193 
80 0.000903083 412.19 -0.635081 -0.845091 -2.09199 -2.75235 -2.92118 -3.54851 -4.53104 -4.70251 0.167921 -5.73372 1.11541 1.14402 -5.34737 1.1697 -4.10485 0.751115 
---------------------------------------
-0.635081 -0.845091 -2.09199 -2.75235 -2.92118 -3.54851 -4.53104 -4.70251 0.167921 -5.73372 1.11541 1.14402 -5.34737 1.1697 -4.10485 0.751115 
0.0173244 0.00414727 0.048969 0.151666 0.0353522 0.161082 0.966882 0.599159 0.160544 0.0696656 0.248551 0.472636 0.185322 0.469184 2.2413 1.72083 
0.00113641 0.0480573 -0.0135413 -0.00644288 0.0150509 0.00539802 0.000306352 0.000330017 -8.52461e-05 -0.00752077 0.00061137 -0.000467442 -0.00296213 0.000237423 -0.000182363 -3.38211e-05 
---------------------------------------
***************************************

# 0.005 0.019 0.0425 0.07 0.11 0.17 0.24 0.4 0.603 
-6.351e-01 1.732e-02
-8.451e-01 4.147e-03
-2.092e+00 4.897e-02
-2.752e+00 1.517e-01
-2.921e+00 3.535e-02
-3.549e+00 1.611e-01
-4.531e+00 9.669e-01
-4.703e+00 5.992e-01
1.679e-01 1.605e-01
5.495e-01 6.967e-02
1.115e+00 2.486e-01
1.144e+00 4.726e-01
9.358e-01 1.853e-01
1.170e+00 4.692e-01
2.178e+00 2.241e+00
7.511e-01 1.721e+00
***************************************
***************************************

# 0.005 0.019 0.0425 0.07 0.11 0.17 0.24 0.4 0.603 
6.533e-02 2.816e-01
-9.694e-02 2.103e-01
-1.175e+00 2.185e-01
-1.525e+00 1.729e-01
-2.166e+00 1.536e-01
-2.492e+00 1.538e-01
-3.258e+00 1.803e-01
-9.328e+00 7.607e+01
-1.286e+00 2.795e-01
-1.582e+00 2.128e-01
-2.881e+00 2.587e-01
-3.563e+00 2.888e-01
-3.661e+00 2.306e-01
-4.448e+00 4.973e-01
-3.996e+00 1.569e-01
-4.999e+00 4.661e-01
-6.351e-01 1.732e-02
-8.451e-01 4.147e-03
-2.092e+00 4.897e-02
-2.752e+00 1.517e-01
-2.921e+00 3.535e-02
-3.549e+00 1.611e-01
-4.531e+00 9.669e-01
-4.703e+00 5.992e-01
1.679e-01 1.605e-01
5.495e-01 6.967e-02
1.115e+00 2.486e-01
1.144e+00 4.726e-01
9.358e-01 1.853e-01
1.170e+00 4.692e-01
2.178e+00 2.241e+00
7.511e-01 1.721e+00
***************************************
