1 0.434611 -491.51 0.59964 0.590447 0.569742 0.0600576 -0.0130874 -0.133907 -0.0744009 0.765389 
2 0.434663 -408.447 0.299638 0.220195 0.147297 -0.362399 -0.443438 -0.566426 -0.508462 0.330726 
3 0.434836 -328.241 0.161457 -0.0589404 -0.254948 -0.766055 -0.866736 -0.995477 -0.94184 -0.104109 
4 0.435199 -252.512 0.126512 -0.177032 -0.610092 -1.12575 -1.27204 -1.4162 -1.37407 -0.539308 
5 0.435642 -182.624 0.0980863 -0.158407 -0.885032 -1.39352 -1.63408 -1.81532 -1.80393 -0.974951 
6 0.435981 -120.771 0.0861192 -0.125087 -1.06156 -1.5208 -1.90918 -2.15751 -2.2274 -1.41093 
7 0.435652 -69.9686 0.0798813 -0.108422 -1.14061 -1.54165 -2.06167 -2.38051 -2.6311 -1.84658 
8 0.4362 -31.5681 0.074921 -0.102477 -1.16209 -1.53848 -2.1216 -2.45906 -2.9752 -2.28278 
9 0.440782 -4.59566 0.070836 -0.100136 -1.16698 -1.53802 -2.14419 -2.47657 -3.18347 -2.72357 
10 0.449792 13.4885 0.0679699 -0.0990229 -1.17022 -1.53795 -2.15339 -2.48548 -3.23625 -3.17336 
11 0.466438 24.952 0.0664442 -0.0983808 -1.17255 -1.53545 -2.1578 -2.48827 -3.24357 -3.6398 
12 0.525645 30.7833 0.0657617 -0.097803 -1.17374 -1.53166 -2.16103 -2.48922 -3.24754 -4.16544 
13 0.782952 32.9614 0.065477 -0.0973134 -1.17437 -1.5282 -2.16356 -2.48991 -3.247 -4.94839 
14 2.75971 33.6039 0.0654452 -0.0971805 -1.17451 -1.52711 -2.1643 -2.4901 -3.24638 -6.32825 
15 57.466 33.7075 0.065424 -0.0970835 -1.17461 -1.52629 -2.16485 -2.49023 -3.2459 -9.32825 
16 0.01254 33.7117 0.0654031 -0.0970511 -1.1747 -1.52588 -2.16546 -2.49098 -3.25217 -9.32825 
17 0.00626569 33.7136 0.0653712 -0.0970086 -1.17477 -1.52567 -2.16585 -2.49144 -3.2553 -9.32825 
18 0.00310111 33.714 0.0653492 -0.0969757 -1.17483 -1.52556 -2.16607 -2.4917 -3.25685 -9.32825 
19 0.0015287 33.7141 0.0653367 -0.0969539 -1.17486 -1.5255 -2.16621 -2.49185 -3.25762 -9.32825 
20 0.000752654 33.7142 0.0653303 -0.0969406 -1.17489 -1.52547 -2.16629 -2.49193 -3.25799 -9.32825 
---------------------------------------
0.0653303 -0.0969406 -1.17489 -1.52547 -2.16629 -2.49193 -3.25799 -9.32825 
0.281565 0.210257 0.218489 0.17294 0.153595 0.153835 0.180313 76.0678 
-0.000147453 0.000528689 -0.000861221 0.00189264 -0.00704766 -0.00804058 -0.0230055 -9.92274e-06 
---------------------------------------
***************************************

# 0.005 0.019 0.0425 0.07 0.11 0.17 0.24 0.4 0.603 
6.533e-02 2.816e-01
-9.694e-02 2.103e-01
-1.175e+00 2.185e-01
-1.525e+00 1.729e-01
-2.166e+00 1.536e-01
-2.492e+00 1.538e-01
-3.258e+00 1.803e-01
-9.328e+00 7.607e+01
***************************************
1 0.628887 257.759 -0.761746 -1.17623 -1.16562 1.95531 -1.1753 -1.94367 -1.43966 -3.72889 
2 1.06649 306.614 -0.795777 -1.32258 -1.62294 1.52034 -1.61244 -2.40188 -1.88538 -4.79538 
3 7.26934 349.247 -0.811985 -1.36397 -2.08557 1.08501 -2.05324 -2.89276 -2.3438 -7.79538 
4 7210.3 385.685 -0.825044 -1.38695 -2.52538 0.649191 -2.50126 -3.46769 -2.83448 -10.7954 
5 0.91138 414.162 -0.841838 -1.39881 -2.88538 0.211867 -2.97584 -4.37907 -3.43167 -10.7954 
6 3.83631 433.735 -0.85479 -1.40449 -3.02652 -0.228608 -3.5378 -7.37907 -4.42329 -10.7954 
7 3151.33 445.908 -0.860856 -1.41042 -2.9725 -0.672443 -4.47051 -10.3791 -7.42329 -10.7954 
8 5116.7 454.144 -0.862989 -1.4178 -2.97781 -1.11744 -7.47051 -10.3791 -10.4233 -10.7954 
9 5069.05 461.069 -0.868609 -1.42472 -2.96891 -1.56374 -10.4705 -10.3791 -10.4233 -10.7954 
10 0.455377 467.258 -0.875897 -1.42952 -2.95418 -2.01912 -10.4705 -10.3791 -10.4233 -10.7954 
11 0.463651 472.617 -0.881054 -1.43221 -2.94059 -2.48277 -10.4705 -10.3791 -10.4233 -10.7954 
12 0.474078 476.629 -0.882668 -1.43554 -2.93107 -2.95685 -10.4705 -10.3791 -10.4233 -10.7954 
13 0.486578 478.877 -0.881749 -1.43938 -2.91243 -3.44343 -10.4705 -10.3791 -10.4233 -10.7954 
14 0.488447 479.667 -0.88111 -1.44026 -2.90452 -3.68765 -10.4705 -10.3791 -10.4233 -10.7954 
15 0.472533 479.779 -0.88056 -1.44086 -2.89805 -3.92392 -10.4705 -10.3791 -10.4233 -10.7954 
16 0.436186 479.821 -0.880147 -1.4412 -2.89342 -4.14201 -10.4705 -10.3791 -10.4233 -10.7954 
17 0.373474 479.834 -0.879864 -1.44135 -2.89042 -4.32875 -10.4705 -10.3791 -10.4233 -10.7954 
18 0.284991 479.838 -0.879684 -1.44141 -2.88859 -4.47124 -10.4705 -10.3791 -10.4233 -10.7954 
19 0.18545 479.839 -0.879575 -1.44142 -2.88755 -4.56397 -10.4705 -10.3791 -10.4233 -10.7954 
20 0.100444 479.84 -0.879512 -1.44141 -2.88699 -4.61419 -10.4705 -10.3791 -10.4233 -10.7954 
21 0.0462378 479.84 -0.879477 -1.4414 -2.88671 -4.63731 -10.4705 -10.3791 -10.4233 -10.7954 
22 0.0191451 479.84 -0.879459 -1.44139 -2.88658 -4.64688 -10.4705 -10.3791 -10.4233 -10.7954 
23 0.00752703 479.84 -0.87945 -1.44139 -2.88652 -4.65064 -10.4705 -10.3791 -10.4233 -10.7954 
24 0.00290094 479.84 -0.879446 -1.44138 -2.88649 -4.6521 -10.4705 -10.3791 -10.4233 -10.7954 
25 0.00111178 479.84 -0.879444 -1.44138 -2.88648 -4.65265 -10.4705 -10.3791 -10.4233 -10.7954 
26 7.1261e-06 479.84 -0.879443 -1.44138 -2.88648 -4.65265 -10.4705 -10.3791 -10.4233 -10.7954 
---------------------------------------
-0.879443 -1.44138 -2.88648 -4.65265 -10.4705 -10.3791 -10.4233 -10.7954 
0.331341 0.285424 0.416591 0.154674 0.2071 0.325571 0.127433 6125.33 
2.34921e-05 4.41777e-05 2.9634e-05 -3.94489e-06 -2.04161e-07 -2.66098e-07 -7.15149e-07 -3.43715e-07 
---------------------------------------
***************************************

# 0.005 0.019 0.0425 0.07 0.11 0.17 0.24 0.4 0.603 
-8.794e-01 3.313e-01
-1.441e+00 2.854e-01
-2.886e+00 4.166e-01
-4.653e+00 1.547e-01
-1.047e+01 2.071e-01
-1.038e+01 3.256e-01
-1.042e+01 1.274e-01
-1.080e+01 6.125e+03
***************************************
1 1745.37 -416.223 -0.462087 -0.971174 -1.97758 -3.38906 -6.6184 -6.7355 -6.54064 -10.0618 -1.71812 -2.54525 -1.5 0.3 -2.3 -3 -1 0.63 
2 3947.79 468.145 -0.537058 -1.08971 -2.06608 -3.32163 -6.9184 -7.0355 -6.24064 -10.0618 -1.57941 -2.46206 -1.44841 0.301779 -2.6 -3.3 -1.3 0.63 
3 10667.1 497.091 -0.600364 -1.22615 -2.14475 -3.27283 -7.2184 -7.3355 -5.94064 -10.0618 -1.41952 -2.37323 -1.38436 0.343817 -2.9 -3.6 -1.6 0.63 
4 24001.8 505.461 -0.648414 -1.39186 -2.22126 -3.2331 -7.5184 -7.6355 -5.64064 -10.0618 -1.23852 -2.24204 -1.30374 0.382117 -3.2 -3.9 -1.3 0.63 
5 48608.6 509.704 -0.942109 -3.4904 -2.97623 -2.901 -10.5184 -4.6355 -2.64064 -10.0618 0.68692 0.0959816 -0.288546 0.70116 -6.2 -6.9 -4.3 0.63 
7 70725 512.366 -0.774542 -4.27561 -3.03325 -2.92063 -7.8184 -4.3355 -2.34064 -10.0618 0.838482 0.991766 0.0764707 0.680393 -6.5 -7.2 0.996106 0.63 
9 65868.1 514.137 -0.618423 -4.86911 -3.06073 -2.93146 -4.8184 -4.0355 -2.04064 -10.0618 0.829791 1.29177 0.523675 0.661385 -6.8 -7.5 -2.54668 0.63 
11 27464.1 515.313 -0.592176 -3.5138 -2.73496 -3.04504 -4.5184 -3.7355 -3.83434 -10.0618 0.0127338 1.59177 0.062534 0.556805 -7.1 -7.8 -1.51482 0.63 
12 555.665 517.417 -0.33955 -0.513804 -1.91683 -2.93715 -7.5184 -6.23627 -3.82857 -10.0618 0.0360001 -1.40823 2.81359 0.597307 -4.1 -4.8 -1.5893 0.63 
14 236.131 518.352 -0.461385 -0.213804 -2.22913 -2.99655 -7.8184 -5.55521 -3.82961 -10.0618 0.0246087 -1.70823 1.10975 0.57768 -3.8 -4.5 -1.55162 0.63 
16 137.279 518.775 -0.45918 0.0861956 -2.22175 -2.99929 -4.33855 -5.38451 -3.82859 -10.0618 0.0248421 -2.00823 1.00972 0.577896 -3.5 -4.2 -1.55161 0.63 
18 108.926 519.139 -0.45699 0.386196 -2.21985 -3.00092 -2.04042 -4.48689 -3.82743 -10.0618 0.0251259 -2.30823 0.940448 0.578333 -3.2 -3.9 -1.553 0.63 
20 46.8246 519.523 -0.454831 0.686196 -2.21919 -3.00167 -1.74042 -3.05492 -3.82663 -10.0618 0.0250334 -0.0146637 0.893048 0.579263 -2.9 -3.6 -1.55419 0.63 
22 17.5138 520.045 -0.452722 0.986196 -2.21817 -3.00204 -1.44042 -2.26959 -3.8265 -10.0618 0.0246565 0.516291 0.861228 0.580588 -2.6 -3.3 -1.55326 0.63 
24 6.94839 520.878 -0.450678 0.0886342 -2.21566 -3.00337 -1.2794 -2.27448 -3.82706 -10.0618 0.0238346 0.366542 0.841336 0.580227 -2.77873 -3 -1.5494 0.63 
26 3.05447 521.846 -0.448704 -0.424683 -2.2115 -3.00749 -2.32708 -2.46223 -3.8279 -10.0618 0.022807 0.364284 0.829093 0.576833 -4.63838 -4.31862 -1.54429 0.63 
28 2.1007 522.713 -0.446813 -0.617008 -2.20701 -3.01165 -2.65124 -2.67937 -3.82868 -10.0618 0.0219946 0.363888 0.819514 0.574705 -4.8081 -4.91204 -1.53939 0.63 
30 1.61033 523.506 -0.445002 -0.712574 -2.20242 -3.01565 -2.79139 -2.80462 -3.82954 -10.0618 0.0212734 0.363922 0.812702 0.573156 -4.85825 -5.12062 -1.53454 0.63 
32 1.30576 524.248 -0.443273 -0.765973 -2.19773 -3.01965 -2.86316 -2.87547 -3.83045 -10.0618 0.0206149 0.364079 0.807978 0.571859 -4.87815 -5.21311 -1.52975 0.63 
33 0.442858 542.701 -0.405133 -0.765363 -1.99449 -3.4625 -2.78005 -2.87936 -3.90876 -10.0618 0.0559022 0.404833 0.885468 0.133612 -4.62237 -5.27545 -1.54683 0.63 
35 0.484016 543.149 -0.422744 -0.765556 -2.09075 -3.28367 -2.81549 -2.87681 -3.87623 -10.0618 0.0388612 0.385003 0.849301 0.286026 -4.73668 -5.24931 -1.53739 0.63 
36 0.757108 545.161 -0.409812 -0.764647 -2.03035 -3.67131 -2.76037 -2.86902 -3.94325 -10.0618 0.0389459 0.389187 0.883567 -0.471082 -4.60303 -5.29768 -1.53119 0.63 
37 1.88471 545.982 -0.411402 -0.764325 -2.02873 -3.67129 -2.75446 -2.86128 -3.98594 -10.0618 0.0210362 0.387827 0.886911 -1.41344 -4.56697 -5.30213 -1.51713 0.63 
38 0.928083 546.65 -0.411366 -0.764373 -2.02565 -3.36974 -2.7519 -2.8573 -4.02529 -10.0618 0.0235041 0.38706 0.873307 -1.87748 -4.53918 -5.31359 -1.53599 0.63 
39 0.0990714 546.695 -0.41139 -0.764362 -2.0247 -3.3202 -2.74878 -2.85394 -4.04851 -10.0618 0.0239181 0.386182 0.869083 -1.83124 -4.52165 -5.31941 -1.54071 0.63 
40 0.0529172 546.723 -0.41137 -0.764365 -2.0239 -3.29374 -2.74602 -2.85147 -4.06263 -10.0618 0.0247814 0.385938 0.86651 -1.82535 -4.50902 -5.32354 -1.54085 0.63 
41 0.0256525 546.732 -0.411352 -0.76437 -2.02338 -3.28092 -2.74355 -2.84954 -4.06985 -10.0618 0.0253966 0.385834 0.865643 -1.82745 -4.50002 -5.32665 -1.53766 0.63 
42 0.0130667 546.738 -0.411339 -0.764379 -2.02302 -3.27454 -2.74135 -2.84799 -4.07229 -10.0618 0.0258023 0.385795 0.865785 -1.83101 -4.49348 -5.32912 -1.53312 0.63 
43 0.00987308 546.743 -0.411331 -0.764391 -2.02275 -3.27166 -2.73935 -2.8467 -4.07146 -10.0618 0.0260233 0.385787 0.866608 -1.83345 -4.4887 -5.33108 -1.52818 0.63 
44 0.00965179 546.748 -0.411329 -0.764405 -2.02254 -3.27081 -2.7375 -2.84559 -4.06844 -10.0618 0.0260976 0.385795 0.867907 -1.83389 -4.48519 -5.33265 -1.52336 0.63 
45 0.00897527 546.753 -0.411331 -0.764422 -2.02236 -3.27122 -2.73577 -2.84463 -4.06398 -10.0618 0.0260595 0.38581 0.86955 -1.83216 -4.4826 -5.33389 -1.51887 0.63 
46 0.010785 546.759 -0.411337 -0.76444 -2.0222 -3.27243 -2.73411 -2.84376 -4.05859 -10.0618 0.0259373 0.385828 0.871446 -1.82841 -4.4807 -5.33487 -1.5148 0.63 
47 0.0120249 546.765 -0.411344 -0.764459 -2.02204 -3.27417 -2.7325 -2.84296 -4.05258 -10.0618 0.0257532 0.385846 0.873529 -1.82288 -4.47931 -5.33565 -1.51116 0.63 
48 0.0140671 546.772 -0.411353 -0.76448 -2.02188 -3.27626 -2.73092 -2.84221 -4.04614 -10.0618 0.0255239 0.385863 0.875752 -1.81585 -4.47831 -5.33628 -1.50793 0.63 
49 0.0166026 546.779 -0.411364 -0.764501 -2.02173 -3.2786 -2.72936 -2.8415 -4.03937 -10.0618 0.0252619 0.385879 0.878081 -1.80754 -4.47761 -5.33679 -1.50506 0.63 
50 0.0187607 546.787 -0.411375 -0.764524 -2.02157 -3.2811 -2.72779 -2.84082 -4.03233 -10.0618 0.0249759 0.385892 0.880494 -1.79816 -4.47715 -5.33722 -1.50253 0.63 
51 0.0206499 546.796 -0.411387 -0.764548 -2.0214 -3.28373 -2.72621 -2.84015 -4.02501 -10.0618 0.0246725 0.385902 0.882979 -1.78784 -4.47689 -5.3376 -1.50029 0.63 
52 0.0223791 546.805 -0.4114 -0.764573 -2.02123 -3.28647 -2.72461 -2.8395 -4.0174 -10.0618 0.0243559 0.385911 0.885527 -1.77665 -4.47679 -5.33796 -1.49832 0.63 
53 0.0240537 546.814 -0.411414 -0.7646 -2.02105 -3.28931 -2.72298 -2.83885 -4.00944 -10.0618 0.0240285 0.385919 0.888138 -1.76462 -4.47684 -5.33833 -1.49658 0.63 
54 0.0257768 546.825 -0.411427 -0.764628 -2.02086 -3.29225 -2.7213 -2.83819 -4.00107 -10.0618 0.0236918 0.385925 0.890815 -1.75173 -4.47703 -5.33873 -1.49506 0.63 
55 0.0276526 546.837 -0.411442 -0.764658 -2.02065 -3.29532 -2.71957 -2.83754 -3.99219 -10.0618 0.0233459 0.385931 0.893566 -1.73791 -4.47736 -5.33918 -1.49374 0.63 
56 0.0297915 546.85 -0.411457 -0.76469 -2.02044 -3.29853 -2.71777 -2.83687 -3.9827 -10.0618 0.0229903 0.385937 0.896401 -1.72301 -4.47784 -5.33971 -1.49259 0.63 
57 0.0323162 546.865 -0.411472 -0.764725 -2.02022 -3.30191 -2.71591 -2.83621 -3.97247 -10.0618 0.0226235 0.385945 0.899333 -1.70685 -4.47849 -5.34035 -1.4916 0.63 
58 0.0353684 546.883 -0.411488 -0.764762 -2.01998 -3.30551 -2.71396 -2.83554 -3.96134 -10.0618 0.0222433 0.385956 0.902377 -1.68917 -4.47934 -5.34112 -1.49075 0.63 
59 0.0391146 546.904 -0.411505 -0.764803 -2.01973 -3.30937 -2.71193 -2.83487 -3.94913 -10.0618 0.0218468 0.385971 0.905548 -1.66961 -4.48041 -5.34206 -1.49001 0.63 
60 0.0437461 546.931 -0.411524 -0.764849 -2.01946 -3.31353 -2.70981 -2.83421 -3.93564 -10.0618 0.0214303 0.385993 0.908861 -1.64774 -4.48175 -5.3432 -1.48935 0.63 
61 0.0494653 546.964 -0.411543 -0.764899 -2.01919 -3.31804 -2.70763 -2.83359 -3.92065 -10.0618 0.0209891 0.386025 0.912328 -1.62301 -4.4834 -5.34456 -1.48872 0.63 
62 0.0564352 547.008 -0.411564 -0.764954 -2.0189 -3.32292 -2.7054 -2.83301 -3.90398 -10.0618 0.0205179 0.386072 0.915951 -1.59479 -4.4854 -5.34618 -1.48808 0.63 
63 0.0646485 547.066 -0.411587 -0.765015 -2.0186 -3.32811 -2.70319 -2.83252 -3.88561 -10.0618 0.0200104 0.386138 0.919723 -1.56246 -4.48773 -5.34805 -1.48737 0.63 
64 0.0736444 547.146 -0.411613 -0.765081 -2.0183 -3.33347 -2.70108 -2.83212 -3.86577 -10.0618 0.0194606 0.386226 0.923625 -1.52564 -4.49031 -5.35008 -1.48654 0.63 
65 0.0820148 547.255 -0.41164 -0.765148 -2.01799 -3.33862 -2.69919 -2.83185 -3.84532 -10.0618 0.0188639 0.386333 0.927623 -1.48464 -4.49294 -5.35212 -1.48565 0.63 
66 0.0868803 547.403 -0.411671 -0.765213 -2.01765 -3.343 -2.69767 -2.83167 -3.82593 -10.0618 0.0182223 0.38644 0.931674 -1.44119 -4.49527 -5.35388 -1.48485 0.63 
67 0.0843208 547.599 -0.411702 -0.765268 -2.01728 -3.34594 -2.69658 -2.83155 -3.80984 -10.0618 0.0175554 0.386516 0.935698 -1.39903 -4.49698 -5.35511 -1.48438 0.63 
68 0.072489 547.843 -0.411733 -0.765308 -2.01688 -3.3472 -2.69591 -2.83147 -3.79848 -10.0618 0.0169176 0.386544 0.939442 -1.36279 -4.498 -5.35579 -1.4843 0.63 
69 0.055101 548.129 -0.411756 -0.765335 -2.01654 -3.34727 -2.69554 -2.83141 -3.79136 -10.0618 0.0163832 0.386545 0.942485 -1.33524 -4.49855 -5.35612 -1.48435 0.63 
70 0.0371433 548.443 -0.411774 -0.76535 -2.01627 -3.34678 -2.69534 -2.83138 -3.78745 -10.0618 0.0159681 0.386529 0.944723 -1.31667 -4.49881 -5.35626 -1.48448 0.63 
71 0.0243341 548.774 -0.41178 -0.76536 -2.01614 -3.34644 -2.69523 -2.83137 -3.78498 -10.0618 0.0157224 0.386544 0.945944 -1.3045 -4.49897 -5.35635 -1.48436 0.63 
72 0.00885501 549.112 -0.411801 -0.765362 -2.01595 -3.34556 -2.6952 -2.83134 -3.78487 -10.0618 0.0153528 0.386464 0.947402 -1.30007 -4.49896 -5.3563 -1.48493 0.63 
73 4284.68 549.456 -0.411721 -0.765377 -2.01624 -3.34718 -2.69511 -2.8314 -3.78071 -7.06181 0.0162945 0.386752 0.945249 -1.28739 -4.49925 -5.35661 -1.48303 0.63 
74 16.1465 549.732 -0.412186 -0.765325 -2.01491 -3.33748 -2.69531 -2.83119 -3.79505 -4.06181 0.0101932 0.385541 0.956803 -1.32546 -4.49829 -5.35545 -1.49144 -2.37 
76 11.4682 549.786 -0.41199 -0.765348 -2.01548 -3.34156 -2.69522 -2.83128 -3.78833 -7.33462 0.0127076 0.386055 0.952046 -1.30863 -4.49873 -5.35597 -1.48716 3.33 
77 274.532 549.829 -0.410961 -0.765455 -2.01797 -3.36109 -2.69485 -2.83166 -3.75699 -4.33462 0.026716 0.388328 0.93074 -1.23482 -4.50066 -5.35827 -1.46659 0.33 
79 52.6386 549.889 -0.411449 -0.765406 -2.01682 -3.35191 -2.69502 -2.83149 -3.77098 -4.03462 0.0199208 0.387279 0.940744 -1.26813 -4.49979 -5.35723 -1.47553 0.03 
81 17.3207 549.896 -0.411652 -0.765385 -2.01631 -3.34795 -2.6951 -2.83141 -3.77706 -3.73462 0.0171654 0.386812 0.945169 -1.28306 -4.4994 -5.35676 -1.47936 -0.27 
83 6.65242 549.921 -0.41174 -0.765376 -2.01608 -3.34622 -2.69514 -2.83137 -3.77974 -3.43462 0.0159873 0.386604 0.947133 -1.28972 -4.49923 -5.35656 -1.48102 3.04718 
85 2.67507 549.953 -0.411789 -0.76537 -2.01595 -3.34525 -2.69516 -2.83135 -3.78121 -4.79709 0.0153266 0.386488 0.94823 -1.29345 -4.49914 -5.35645 -1.48193 2.46955 
87 1.71653 549.983 -0.41181 -0.765368 -2.0159 -3.34486 -2.69516 -2.83134 -3.78178 -5.1426 0.0150491 0.386441 0.948687 -1.29497 -4.4991 -5.3564 -1.48228 2.45234 
89 1.287 550.013 -0.411819 -0.765367 -2.01588 -3.34469 -2.69517 -2.83134 -3.78201 -5.27154 0.0149248 0.38642 0.948893 -1.29562 -4.49908 -5.35638 -1.4824 2.45354 
91 1.03579 550.041 -0.411823 -0.765367 -2.01587 -3.34461 -2.69517 -2.83134 -3.7821 -5.3328 0.0148658 0.38641 0.948995 -1.29591 -4.49908 -5.35637 -1.48243 2.45694 
92 0.038618 551.298 -0.411895 -0.765362 -2.01576 -3.34368 -2.69519 -2.83132 -3.78339 -5.35211 0.0137847 0.386302 0.950064 -1.29935 -4.49899 -5.35627 -1.48317 2.44206 
93 0.392939 551.438 -0.411487 -0.765391 -2.01634 -3.34869 -2.6951 -2.83141 -3.77604 -5.15564 0.0198981 0.386877 0.944409 -1.28073 -4.49944 -5.35682 -1.47868 2.53675 
95 0.135265 551.666 -0.411716 -0.765375 -2.01601 -3.34586 -2.69515 -2.83136 -3.78017 -5.26483 0.0164526 0.386554 0.947597 -1.29119 -4.49919 -5.35651 -1.48119 2.48084 
96 0.599091 547.765 -0.412518 -0.765318 -2.01489 -3.33632 -2.69532 -2.83119 -3.79414 -5.56437 0.00461954 0.385438 0.958592 -1.32752 -4.49833 -5.35547 -1.48959 2.35991 
98 0.212069 551.984 -0.41233 -0.765331 -2.01515 -3.3385 -2.69528 -2.83123 -3.79091 -5.50685 0.0073084 0.3857 0.956016 -1.3189 -4.49853 -5.35571 -1.48767 2.37617 
100 0.076112 552.545 -0.411762 -0.765371 -2.01594 -3.34533 -2.69516 -2.83135 -3.78095 -5.27793 0.0157954 0.38649 0.948225 -1.29327 -4.49914 -5.35645 -1.48166 2.47637 
102 0.0263461 552.634 -0.411812 -0.765368 -2.01588 -3.34473 -2.69517 -2.83134 -3.78182 -5.29901 0.0150458 0.386421 0.948908 -1.29551 -4.49909 -5.35639 -1.48219 2.46672 
103 0.134728 552.435 -0.411979 -0.765356 -2.01564 -3.34272 -2.6952 -2.8313 -3.78475 -5.36637 0.0125405 0.386189 0.951198 -1.30304 -4.49891 -5.35617 -1.48396 2.43713 
105 0.0451334 553.033 -0.411884 -0.765363 -2.01577 -3.34386 -2.69518 -2.83133 -3.78309 -5.32831 0.0139586 0.38632 0.949901 -1.29877 -4.49901 -5.35629 -1.48295 2.45358 
107 0.014701 553.122 -0.411853 -0.765365 -2.01582 -3.34424 -2.69518 -2.83133 -3.78254 -5.31535 0.0144322 0.386364 0.949469 -1.29735 -4.49904 -5.35633 -1.48262 2.45931 
108 0.0886546 552.913 -0.411747 -0.765372 -2.01596 -3.3455 -2.69515 -2.83136 -3.78069 -5.27102 0.0160157 0.38651 0.948032 -1.29264 -4.49916 -5.35647 -1.4815 2.47942 
110 0.0294305 553.495 -0.411807 -0.765368 -2.01588 -3.34479 -2.69517 -2.83134 -3.78174 -5.2962 0.0151184 0.386427 0.948846 -1.29531 -4.49909 -5.35639 -1.48213 2.46788 
112 0.00993876 553.591 -0.411827 -0.765367 -2.01585 -3.34455 -2.69517 -2.83134 -3.78209 -5.30448 0.0148189 0.3864 0.949118 -1.2962 -4.49907 -5.35637 -1.48235 2.46415 
113 0.0542337 553.334 -0.411893 -0.765362 -2.01576 -3.34374 -2.69519 -2.83132 -3.78325 -5.3316 0.0138207 0.386308 0.950025 -1.29919 -4.499 -5.35628 -1.48305 2.45212 
115 0.0181157 553.999 -0.411856 -0.765365 -2.01581 -3.34419 -2.69518 -2.83133 -3.78259 -5.31625 0.0143889 0.38636 0.949511 -1.29751 -4.49904 -5.35633 -1.48265 2.45887 
116 0.0894792 -5095.92 -0.411641 -0.765368 -2.01619 -3.33587 -2.69511 -2.83139 -3.78007 -5.27151 0.00967081 0.387146 0.947413 -1.29524 -4.49879 -5.35677 -1.48147 2.45737 
123 0.0841658 -5859.3 -0.411637 -0.765376 -2.01587 -3.33199 -2.69507 -2.83143 -3.7801 -5.27417 0.0173607 0.38639 0.948834 -1.31054 -4.49985 -5.35648 -1.48189 2.45241 
128 0.10608 -9897.47 -0.411861 -0.765376 -2.01553 -3.34731 -2.6952 -2.83132 -3.78282 -5.29326 0.0189999 0.385725 0.951799 -1.24447 -4.49954 -5.35654 -1.48368 2.48481 
129 0.100472 552.271 -0.412123 -0.765358 -2.01517 -3.34445 -2.69525 -2.83126 -3.78733 -5.39373 0.0151594 0.385366 0.955314 -1.25662 -4.49926 -5.35621 -1.48643 2.44397 
131 0.0374934 552.418 -0.411843 -0.765377 -2.01556 -3.3475 -2.69519 -2.83132 -3.78251 -5.28456 0.0192294 0.385748 0.951574 -1.24371 -4.49956 -5.35656 -1.48349 2.48775 
132 0.189068 551.874 -0.412091 -0.76536 -2.01522 -3.34482 -2.69524 -2.83127 -3.78675 -5.3791 0.0156486 0.385411 0.954866 -1.25507 -4.4993 -5.35625 -1.48607 2.45097 
134 0.063807 552.835 -0.411951 -0.76537 -2.01541 -3.34634 -2.69521 -2.8313 -3.78435 -5.32592 0.0176704 0.385602 0.953001 -1.24863 -4.49945 -5.35643 -1.48461 2.47124 
136 0.0208873 552.965 -0.411904 -0.765373 -2.01547 -3.34684 -2.69521 -2.83131 -3.78355 -5.30765 0.0183464 0.385666 0.95238 -1.24649 -4.4995 -5.35649 -1.48412 2.47843 
137 0.126157 552.316 -0.411748 -0.765384 -2.01569 -3.34853 -2.69517 -2.83134 -3.78088 -5.24457 0.0206104 0.385877 0.950313 -1.23938 -4.49966 -5.35668 -1.48249 2.50422 
139 0.0416737 553.347 -0.411836 -0.765377 -2.01557 -3.34757 -2.69519 -2.83132 -3.78239 -5.28051 0.0193255 0.385757 0.951484 -1.24341 -4.49957 -5.35657 -1.48341 2.48935 
141 0.0140072 553.501 -0.411866 -0.765375 -2.01553 -3.34725 -2.6952 -2.83132 -3.7829 -5.29226 0.0188984 0.385718 0.951874 -1.24476 -4.49954 -5.35653 -1.48372 2.48459 
142 0.0766364 552.302 -0.411964 -0.765369 -2.01539 -3.34619 -2.69522 -2.8313 -3.78458 -5.33057 0.0174756 0.385584 0.953181 -1.24926 -4.49943 -5.35641 -1.48475 2.46943 
144 0.0257169 553.92 -0.411908 -0.765373 -2.01547 -3.34679 -2.69521 -2.83131 -3.78363 -5.30895 0.0182833 0.38566 0.95244 -1.24671 -4.49949 -5.35648 -1.48416 2.47792 
146 0.00858488 554.099 -0.41189 -0.765374 -2.01549 -3.34699 -2.6952 -2.83131 -3.78331 -5.30167 0.0185507 0.385685 0.952195 -1.24586 -4.49951 -5.3565 -1.48397 2.48084 
147 0.0496225 552.887 -0.411828 -0.765378 -2.01558 -3.34767 -2.69519 -2.83133 -3.78224 -5.27685 0.0194597 0.385769 0.951364 -1.24305 -4.49958 -5.35658 -1.48332 2.49086 
149 0.0164125 554.429 -0.411863 -0.765376 -2.01553 -3.34727 -2.6952 -2.83132 -3.78285 -5.29098 0.018937 0.385721 0.951835 -1.24461 -4.49954 -5.35654 -1.48369 2.48512 
151 0.00528893 554.698 -0.411875 -0.765375 -2.01551 -3.34716 -2.6952 -2.83132 -3.78305 -5.29572 0.0187852 0.385704 0.951989 -1.24517 -4.49953 -5.35652 -1.48381 2.48315 
152 0.0316694 552.538 -0.411915 -0.765372 -2.01546 -3.34671 -2.69521 -2.83131 -3.78373 -5.31155 0.0181931 0.385652 0.952536 -1.24691 -4.49949 -5.35647 -1.48423 2.47682 
154 0.0106153 554.865 -0.411905 -0.765373 -2.01547 -3.34678 -2.69521 -2.83131 -3.78358 -5.30792 0.0183395 0.385654 0.952383 -1.24663 -4.49949 -5.35649 -1.48412 2.4784 
156 0.00389189 555.041 -0.411877 -0.765375 -2.01551 -3.34716 -2.6952 -2.83131 -3.78308 -5.29642 0.0187619 0.3857 0.952012 -1.24541 -4.49952 -5.35652 -1.48384 2.48294 
157 0.0201717 552.91 -0.411904 -0.765373 -2.01547 -3.34665 -2.6952 -2.83131 -3.78353 -5.3065 0.018432 0.38567 0.952375 -1.24676 -4.4995 -5.35649 -1.48411 2.47847 
159 0.00732634 555.032 -0.411898 -0.765373 -2.01548 -3.34692 -2.6952 -2.83131 -3.78345 -5.30475 0.01849 0.385672 0.952301 -1.24617 -4.4995 -5.3565 -1.48406 2.47946 
161 0.00227874 555.069 -0.411878 -0.765375 -2.01551 -3.34711 -2.6952 -2.83131 -3.78311 -5.29702 0.0187552 0.385697 0.952031 -1.24542 -4.49952 -5.35652 -1.48386 2.48259 
162 0.0131772 554.691 -0.411896 -0.765373 -2.01549 -3.34695 -2.6952 -2.83131 -3.78339 -5.30361 0.0185112 0.385679 0.952249 -1.24626 -4.4995 -5.3565 -1.48404 2.4798 
164 0.00505978 555.224 -0.411886 -0.765374 -2.0155 -3.34704 -2.6952 -2.83131 -3.78324 -5.30021 0.0186328 0.385683 0.952126 -1.24604 -4.49952 -5.35651 -1.48395 2.48136 
166 0.00114008 555.357 -0.411882 -0.765374 -2.0155 -3.34707 -2.6952 -2.83131 -3.78318 -5.2985 0.0186968 0.385693 0.952086 -1.24583 -4.49952 -5.35652 -1.48391 2.48202 
167 0.00830029 555.135 -0.411871 -0.765375 -2.01552 -3.34729 -2.6952 -2.83132 -3.783 -5.29435 0.018823 0.385706 0.951941 -1.24524 -4.49953 -5.35653 -1.4838 2.48372 
169 0.00323005 555.684 -0.411876 -0.765375 -2.01551 -3.34745 -2.6952 -2.83131 -3.78313 -5.29657 0.0187737 0.385697 0.952006 -1.24548 -4.49952 -5.35652 -1.48383 2.4838 
171 0.0015964 556.064 -0.411883 -0.765375 -2.0155 -3.34706 -2.6952 -2.83131 -3.78313 -5.29752 0.0188072 0.385691 0.951985 -1.24654 -4.49952 -5.35651 -1.48386 2.48261 
172 0.00561031 554.094 -0.411891 -0.765374 -2.01549 -3.34698 -2.6952 -2.83131 -3.78326 -5.30032 0.018703 0.385682 0.95208 -1.24687 -4.49951 -5.35651 -1.48394 2.48149 
173 0.0326302 553.861 -0.41185 -0.765377 -2.01555 -3.34743 -2.69519 -2.83132 -3.78256 -5.28401 0.0193008 0.385738 0.951536 -1.24499 -4.49956 -5.35656 -1.48351 2.48808 
175 0.0109246 554.444 -0.411873 -0.765375 -2.01552 -3.34716 -2.6952 -2.83132 -3.78295 -5.29323 0.0189565 0.385706 0.951846 -1.24607 -4.49953 -5.35653 -1.48375 2.48436 
177 0.00364793 554.556 -0.411881 -0.765375 -2.01551 -3.34707 -2.6952 -2.83132 -3.78309 -5.29632 0.0188518 0.385696 0.951946 -1.2464 -4.49952 -5.35652 -1.48383 2.4831 
178 0.0205694 554.234 -0.411907 -0.765373 -2.01547 -3.34677 -2.6952 -2.83131 -3.78353 -5.3066 0.0184784 0.38566 0.952301 -1.24759 -4.4995 -5.35649 -1.48411 2.47903 
180 0.0069504 554.922 -0.411892 -0.765374 -2.01549 -3.34697 -2.6952 -2.83131 -3.78328 -5.30082 0.018688 0.385683 0.9521 -1.24682 -4.49951 -5.3565 -1.48395 2.48138 
181 0.0393633 540.577 -0.411845 -0.765377 -2.01556 -3.34774 -2.69519 -2.83132 -3.78243 -5.28114 0.0194134 0.385761 0.951465 -1.2453 -4.49957 -5.35656 -1.48344 2.48921 
183 0.0137969 552.76 -0.41185 -0.765377 -2.01553 -3.34747 -2.6952 -2.83132 -3.78265 -5.28506 0.0194683 0.385694 0.951571 -1.24331 -4.49956 -5.35656 -1.48352 2.48873 
185 0.00478341 555.208 -0.411897 -0.765374 -2.01549 -3.34705 -2.6952 -2.83131 -3.78336 -5.30226 0.018636 0.385675 0.952155 -1.24657 -4.49951 -5.3565 -1.48399 2.48079 
187 0.00142188 555.245 -0.411883 -0.765375 -2.0155 -3.34706 -2.6952 -2.83131 -3.78313 -5.29724 0.0188494 0.38569 0.951971 -1.24632 -4.49952 -5.35652 -1.48386 2.48276 
188 0.0103703 554.999 -0.411897 -0.765374 -2.01549 -3.34687 -2.6952 -2.83131 -3.78335 -5.30243 0.0187128 0.385678 0.952154 -1.24674 -4.49951 -5.3565 -1.484 2.48054 
189 0.0580013 552.357 -0.411824 -0.765379 -2.01559 -3.34765 -2.69519 -2.83133 -3.78211 -5.27343 0.019773 0.385775 0.951194 -1.24346 -4.49959 -5.35659 -1.48324 2.49227 
191 0.0192417 554.342 -0.411865 -0.765376 -2.01553 -3.34721 -2.6952 -2.83132 -3.78281 -5.28991 0.0191643 0.385718 0.951736 -1.2453 -4.49954 -5.35654 -1.48368 2.48558 
193 0.00641605 554.682 -0.411879 -0.765375 -2.01551 -3.34709 -2.6952 -2.83132 -3.78305 -5.29536 0.0189678 0.385703 0.95192 -1.24595 -4.49953 -5.35652 -1.48382 2.48338 
195 0.00220903 554.759 -0.411884 -0.765375 -2.0155 -3.34701 -2.6952 -2.83131 -3.78312 -5.29714 0.018908 0.385696 0.951981 -1.24608 -4.49952 -5.35651 -1.48386 2.48268 
196 0.0117439 554.807 -0.411899 -0.765374 -2.01548 -3.34685 -2.6952 -2.83131 -3.78338 -5.30301 0.0186899 0.385673 0.95218 -1.24659 -4.49951 -5.3565 -1.48402 2.48038 
198 0.00374565 555.021 -0.41189 -0.765374 -2.0155 -3.34692 -2.6952 -2.83131 -3.78323 -5.2996 0.0188235 0.385691 0.952068 -1.24637 -4.49952 -5.35651 -1.48392 2.48185 
199 0.0224291 554.187 -0.411862 -0.765376 -2.01554 -3.3472 -2.6952 -2.83132 -3.78275 -5.28839 0.0192245 0.385726 0.951694 -1.245 -4.49955 -5.35654 -1.48363 2.48636 
201 0.00756471 554.971 -0.411878 -0.765375 -2.01551 -3.34706 -2.6952 -2.83132 -3.78301 -5.2947 0.0189847 0.385709 0.951902 -1.24569 -4.49953 -5.35652 -1.4838 2.48371 
203 0.00233982 555.214 -0.411884 -0.765375 -2.0155 -3.34695 -2.6952 -2.83131 -3.78312 -5.29693 0.0189214 0.3857 0.951986 -1.24609 -4.49952 -5.35651 -1.48385 2.48294 
204 0.0113108 554.521 -0.4119 -0.765374 -2.01548 -3.34671 -2.6952 -2.83131 -3.7834 -5.30259 0.0187283 0.385675 0.952254 -1.24642 -4.49951 -5.35649 -1.484 2.481 
205 0.0768922 539.395 -0.411804 -0.76538 -2.01561 -3.34784 -2.69518 -2.83133 -3.78174 -5.26414 0.0201316 0.385804 0.950969 -1.24203 -4.49961 -5.35661 -1.48299 2.49639 
207 0.0488551 465.529 -0.411868 -0.765377 -2.01552 -3.34504 -2.69522 -2.8313 -3.78277 -5.27431 0.0204178 0.385691 0.951719 -1.2438 -4.49957 -5.35653 -1.48353 2.4982 
208 0.100577 552.655 -0.412139 -0.765359 -2.01515 -3.34215 -2.69527 -2.83124 -3.78738 -5.37489 0.016514 0.385324 0.955305 -1.2561 -4.49929 -5.35619 -1.48635 2.46149 
210 0.0349883 553.107 -0.411849 -0.765378 -2.01554 -3.34523 -2.69521 -2.83131 -3.78246 -5.26688 0.0206712 0.385715 0.951483 -1.24299 -4.49959 -5.35655 -1.48334 2.5009 
212 0.0119692 553.184 -0.411875 -0.765377 -2.01551 -3.34496 -2.69522 -2.8313 -3.7829 -5.27664 0.0203037 0.38568 0.95182 -1.24414 -4.49956 -5.35652 -1.48361 2.49726 
213 0.0637642 553.128 -0.411961 -0.765371 -2.01539 -3.34405 -2.69524 -2.83128 -3.78435 -5.30852 0.0190762 0.385565 0.952947 -1.24801 -4.49947 -5.35641 -1.48449 2.48559 
215 0.0212482 553.593 -0.411912 -0.765374 -2.01546 -3.34457 -2.69523 -2.83129 -3.78352 -5.29045 0.0197698 0.38563 0.952309 -1.24582 -4.49952 -5.35647 -1.48399 2.49215 
216 0.124366 531.049 -0.411751 -0.765385 -2.01568 -3.34629 -2.6952 -2.83133 -3.78078 -5.22827 0.022095 0.385846 0.950186 -1.23859 -4.49969 -5.35668 -1.48231 2.51564 
218 0.0397905 521.658 -0.411842 -0.765379 -2.01555 -3.34511 -2.69521 -2.83131 -3.78231 -5.26434 0.0207448 0.385718 0.951281 -1.24338 -4.4996 -5.35656 -1.4832 2.50185 
221 0.0378947 516.135 -0.411846 -0.765379 -2.01553 -3.34494 -2.69522 -2.83131 -3.78241 -5.26509 0.0208814 0.385719 0.951391 -1.24287 -4.49957 -5.35655 -1.48332 2.50301 
223 0.0128582 554.706 -0.411855 -0.765378 -2.01553 -3.34514 -2.69522 -2.83131 -3.78257 -5.26928 0.0205663 0.385713 0.951525 -1.2436 -4.49958 -5.35654 -1.48341 2.49996 
226 0.0111999 554.861 -0.411875 -0.765377 -2.0155 -3.34495 -2.69522 -2.8313 -3.7829 -5.27641 0.0203399 0.385681 0.951841 -1.24416 -4.49956 -5.35652 -1.48361 2.4974 
228 0.00337644 555.329 -0.411884 -0.765376 -2.01549 -3.34483 -2.69522 -2.8313 -3.78304 -5.27976 0.020207 0.38567 0.951922 -1.24455 -4.49955 -5.35651 -1.48371 2.49629 
229 0.0223081 552.927 -0.411913 -0.765374 -2.01545 -3.34453 -2.69523 -2.83129 -3.78354 -5.29092 0.019784 0.385632 0.952316 -1.24596 -4.49952 -5.35647 -1.48403 2.4921 
231 0.00795413 555.131 -0.411907 -0.765375 -2.01547 -3.34465 -2.69523 -2.83129 -3.78343 -5.28883 0.0198913 0.385636 0.9522 -1.2455 -4.49953 -5.35648 -1.48395 2.49322 
233 0.00235502 555.19 -0.411886 -0.765376 -2.01549 -3.34483 -2.69522 -2.8313 -3.78307 -5.28049 0.0201739 0.385663 0.951967 -1.24462 -4.49955 -5.35651 -1.48374 2.49603 
235 0.000414829 555.28 -0.411888 -0.765376 -2.01549 -3.34483 -2.69522 -2.8313 -3.7831 -5.28135 0.0201644 0.385665 0.95195 -1.24472 -4.49954 -5.3565 -1.48375 2.4956 
---------------------------------------
-0.411888 -0.765376 -2.01549 -3.34483 -2.69522 -2.8313 -3.7831 -5.28135 0.0201644 0.385665 0.95195 -1.24472 -4.49954 -5.3565 -1.48375 2.4956 
2.68969e-05 1.46896e-06 7.32919e-05 0.00245306 6.17779e-06 4.81825e-06 0.000297034 0.0132562 0.000512443 5.9111e-05 0.000467443 0.00579427 5.40062e-05 4.52846e-05 0.000894515 0.0136139 
8.93265e+06 6.57178e+08 1.16229e+07 10823.9 8.17741e+08 1.1153e+09 5.48944e+06 53273.2 377398 1.14936e+06 -517514 -1839.6 -1.50398e+07 7.11316e+06 -380286 -40155.1 
---------------------------------------
***************************************

# 0.005 0.019 0.0425 0.07 0.11 0.17 0.24 0.4 0.603 
-4.119e-01 2.690e-05
-7.654e-01 1.469e-06
-2.015e+00 7.329e-05
-3.345e+00 2.453e-03
-2.695e+00 6.178e-06
-2.831e+00 4.818e-06
-3.783e+00 2.970e-04
-5.281e+00 1.326e-02
2.016e-02 5.124e-04
3.857e-01 5.911e-05
9.520e-01 4.674e-04
-1.245e+00 5.794e-03
1.784e+00 5.401e-05
9.267e-01 4.528e-05
-1.484e+00 8.945e-04
2.496e+00 1.361e-02
***************************************
***************************************

# 0.005 0.019 0.0425 0.07 0.11 0.17 0.24 0.4 0.603 
6.533e-02 2.816e-01
-9.694e-02 2.103e-01
-1.175e+00 2.185e-01
-1.525e+00 1.729e-01
-2.166e+00 1.536e-01
-2.492e+00 1.538e-01
-3.258e+00 1.803e-01
-9.328e+00 7.607e+01
-8.794e-01 3.313e-01
-1.441e+00 2.854e-01
-2.886e+00 4.166e-01
-4.653e+00 1.547e-01
-1.047e+01 2.071e-01
-1.038e+01 3.256e-01
-1.042e+01 1.274e-01
-1.080e+01 6.125e+03
-4.119e-01 2.690e-05
-7.654e-01 1.469e-06
-2.015e+00 7.329e-05
-3.345e+00 2.453e-03
-2.695e+00 6.178e-06
-2.831e+00 4.818e-06
-3.783e+00 2.970e-04
-5.281e+00 1.326e-02
2.016e-02 5.124e-04
3.857e-01 5.911e-05
9.520e-01 4.674e-04
-1.245e+00 5.794e-03
1.784e+00 5.401e-05
9.267e-01 4.528e-05
-1.484e+00 8.945e-04
2.496e+00 1.361e-02
***************************************
