1 0.434611 -491.51 0.59964 0.590447 0.569742 0.0600576 -0.0130874 -0.133907 -0.0744009 0.765389 
2 0.434663 -408.447 0.299638 0.220195 0.147297 -0.362399 -0.443438 -0.566426 -0.508462 0.330726 
3 0.434836 -328.241 0.161457 -0.0589404 -0.254948 -0.766055 -0.866736 -0.995477 -0.94184 -0.104109 
4 0.435199 -252.512 0.126512 -0.177032 -0.610092 -1.12575 -1.27204 -1.4162 -1.37407 -0.539308 
5 0.435642 -182.624 0.0980863 -0.158407 -0.885032 -1.39352 -1.63408 -1.81532 -1.80393 -0.974951 
6 0.435981 -120.771 0.0861192 -0.125087 -1.06156 -1.5208 -1.90918 -2.15751 -2.2274 -1.41093 
7 0.435652 -69.9686 0.0798813 -0.108422 -1.14061 -1.54165 -2.06167 -2.38051 -2.6311 -1.84658 
8 0.4362 -31.5681 0.074921 -0.102477 -1.16209 -1.53848 -2.1216 -2.45906 -2.9752 -2.28278 
9 0.440782 -4.59566 0.070836 -0.100136 -1.16698 -1.53802 -2.14419 -2.47657 -3.18347 -2.72357 
10 0.449792 13.4885 0.0679699 -0.0990229 -1.17022 -1.53795 -2.15339 -2.48548 -3.23625 -3.17336 
11 0.466438 24.952 0.0664442 -0.0983808 -1.17255 -1.53545 -2.1578 -2.48827 -3.24357 -3.6398 
12 0.525645 30.7833 0.0657617 -0.097803 -1.17374 -1.53166 -2.16103 -2.48922 -3.24754 -4.16544 
13 0.782952 32.9614 0.065477 -0.0973134 -1.17437 -1.5282 -2.16356 -2.48991 -3.247 -4.94839 
14 2.75971 33.6039 0.0654452 -0.0971805 -1.17451 -1.52711 -2.1643 -2.4901 -3.24638 -6.32825 
15 57.466 33.7075 0.065424 -0.0970835 -1.17461 -1.52629 -2.16485 -2.49023 -3.2459 -9.32825 
16 0.01254 33.7117 0.0654031 -0.0970511 -1.1747 -1.52588 -2.16546 -2.49098 -3.25217 -9.32825 
17 0.00626569 33.7136 0.0653712 -0.0970086 -1.17477 -1.52567 -2.16585 -2.49144 -3.2553 -9.32825 
18 0.00310111 33.714 0.0653492 -0.0969757 -1.17483 -1.52556 -2.16607 -2.4917 -3.25685 -9.32825 
19 0.0015287 33.7141 0.0653367 -0.0969539 -1.17486 -1.5255 -2.16621 -2.49185 -3.25762 -9.32825 
20 0.000752654 33.7142 0.0653303 -0.0969406 -1.17489 -1.52547 -2.16629 -2.49193 -3.25799 -9.32825 
---------------------------------------
0.0653303 -0.0969406 -1.17489 -1.52547 -2.16629 -2.49193 -3.25799 -9.32825 
0.281565 0.210257 0.218489 0.17294 0.153595 0.153835 0.180313 76.0678 
-0.000147453 0.000528689 -0.000861221 0.00189264 -0.00704766 -0.00804058 -0.0230055 -9.92274e-06 
---------------------------------------
***************************************

# 0.005 0.019 0.0425 0.07 0.11 0.17 0.24 0.4 0.603 
6.533e-02 2.816e-01
-9.694e-02 2.103e-01
-1.175e+00 2.185e-01
-1.525e+00 1.729e-01
-2.166e+00 1.536e-01
-2.492e+00 1.538e-01
-3.258e+00 1.803e-01
-9.328e+00 7.607e+01
***************************************
1 0.675769 -59.289 0.0757694 -0.97506 -1.18211 1.95394 -1.17758 -1.92268 -1.4347 -3.53048 
2 0.432674 -9.25212 -0.225811 -0.870626 -1.60058 1.52127 -1.60253 -2.35002 -1.86209 -3.83694 
3 0.432891 36.5401 -0.34957 -0.913782 -1.94098 1.08838 -1.99886 -2.73652 -2.27438 -3.88986 
4 0.432342 73.5615 -0.380427 -0.90337 -2.18345 0.656035 -2.34131 -2.9968 -2.65861 -3.81463 
5 0.433554 100.925 -0.39692 -0.882935 -2.32648 0.222481 -2.5921 -3.10797 -2.9854 -3.79206 
6 0.436656 119.222 -0.403566 -0.871066 -2.38562 -0.214176 -2.73145 -3.16773 -3.18872 -3.81559 
7 0.437449 130.896 -0.407429 -0.866761 -2.41496 -0.651625 -2.7937 -3.20597 -3.2445 -3.84073 
8 0.434812 139.908 -0.411167 -0.864342 -2.43829 -1.08644 -2.81674 -3.21437 -3.24946 -3.84486 
9 0.427396 147.994 -0.414096 -0.864935 -2.44995 -1.51383 -2.82552 -3.20814 -3.25285 -3.84242 
10 0.408891 155.009 -0.417044 -0.870105 -2.46522 -1.92272 -2.82619 -3.19532 -3.25616 -3.84098 
11 0.368479 160.476 -0.420602 -0.879775 -2.49116 -2.2912 -2.81429 -3.17621 -3.26082 -3.84002 
12 0.279869 163.92 -0.424068 -0.891382 -2.52729 -2.57107 -2.79681 -3.15074 -3.26735 -3.83765 
13 0.123566 165.267 -0.425349 -0.896663 -2.54706 -2.63285 -2.79258 -3.13778 -3.27059 -3.83595 
14 0.0721039 165.395 -0.426369 -0.900723 -2.56145 -2.66891 -2.78988 -3.12838 -3.27252 -3.83514 
15 0.0385057 165.438 -0.427131 -0.903618 -2.5712 -2.68816 -2.7882 -3.12189 -3.27354 -3.83485 
16 0.019715 165.451 -0.427669 -0.905553 -2.57729 -2.69802 -2.78712 -3.11765 -3.27398 -3.83487 
17 0.0100194 165.454 -0.428031 -0.906781 -2.58088 -2.70303 -2.7864 -3.11499 -3.27411 -3.83501 
18 0.00513958 165.455 -0.428263 -0.907532 -2.58293 -2.7056 -2.78592 -3.11335 -3.2741 -3.83518 
19 0.00267503 165.455 -0.428408 -0.90798 -2.58408 -2.70693 -2.78559 -3.11237 -3.27405 -3.83532 
20 0.00141329 165.455 -0.428496 -0.908243 -2.58472 -2.70764 -2.78536 -3.11178 -3.27399 -3.83543 
21 0.000757201 165.455 -0.428548 -0.908396 -2.58509 -2.70802 -2.78521 -3.11142 -3.27394 -3.8355 
---------------------------------------
-0.428548 -0.908396 -2.58509 -2.70802 -2.78521 -3.11142 -3.27394 -3.8355 
0.273216 0.212116 0.309249 0.250424 0.193389 0.217835 0.142346 0.219049 
-0.00180359 -0.00755366 -0.0083011 -0.0118921 0.00822091 0.0155582 0.00757761 -0.0015123 
---------------------------------------
***************************************

# 0.005 0.019 0.0425 0.07 0.11 0.17 0.24 0.4 0.603 
-4.285e-01 2.732e-01
-9.084e-01 2.121e-01
-2.585e+00 3.092e-01
-2.708e+00 2.504e-01
-2.785e+00 1.934e-01
-3.111e+00 2.178e-01
-3.274e+00 1.423e-01
-3.836e+00 2.190e-01
***************************************
1 4118.12 -5265.36 -0.194122 -0.544008 -1.95873 -2.00379 -2.77575 -3.08724 -3.56597 -6.28187 -1.75247 -2.64864 -1.29955 0.16389 -2.2406 -2.73405 -1.10218 0.33 
4 862.725 -1379.22 -0.241245 -0.584841 -1.90234 -2.09721 -2.56972 -2.96596 -3.39673 -6.25187 -1.7851 -2.65271 -1.16433 0.0501001 -2.04189 -2.68489 -1.28888 0.3 
7 202.812 -428.627 -1.07457 -1.3593 -2.16482 -2.1269 -2.9575 -3.75414 -4.12006 -9.52187 -1.41825 -2.2349 -0.284124 0.522207 -1.99036 -2.38831 -1.20717 -2.43 
8 7.99222 199.891 -1.63458 -4.3593 -2.00068 -2.183 -3.68468 -6.75414 -2.71124 -9.52187 1.58175 0.765099 0.827945 0.557864 -1.37753 0.611694 1.53627 -2.43 
10 12.2891 203.411 -0.531685 -4.6593 -1.95162 -2.18846 -3.85171 -7.05414 -2.87857 -9.52187 1.88175 1.0651 0.756855 0.566422 -1.12011 0.911694 0.127521 -2.43 
12 31.0903 205.784 0.330276 -4.9593 -1.92049 -2.19281 -4.03697 -7.35414 -3.07297 -9.52187 2.18175 1.3651 0.685146 0.574511 -0.750303 1.21169 -0.307274 -2.43 
14 70.0937 207.705 -0.209138 -5.2593 -2.00513 -2.16987 -3.71997 -7.65414 -3.4881 -9.52187 1.36274 1.6651 0.310341 0.558518 -0.963465 1.51169 -0.62204 -2.43 
15 69759.8 184.558 -0.418352 -2.2593 -1.94638 -2.18744 -3.94921 -4.65414 -3.44396 -9.52187 0.718037 -1.3349 0.313669 0.608414 2.03654 -1.48831 -0.648484 -2.43 
16 70.176 214.801 -0.226108 -5.2593 -1.88669 -2.20267 -2.97112 -7.65414 -3.40438 -9.52187 -0.277422 1.6651 0.486577 0.664861 -0.963465 1.51169 -0.638759 -2.43 
17 64325.6 218.132 -0.257297 -2.2593 -1.8802 -2.19788 -3.39863 -4.65414 -3.40358 -9.52187 0.310592 -1.3349 0.636927 0.773137 0.342681 -1.48831 -0.687632 -2.43 
18 71.4214 220.863 -0.186604 -5.2593 -1.86718 -2.19717 -2.22613 -7.65414 -3.3902 -9.52187 0.112356 1.6651 0.569624 0.82007 1.26881 1.51169 -0.652834 -2.43 
20 146.197 221.5 -0.218382 -0.590337 -1.87317 -2.19686 -2.86088 -3.11968 -3.39549 -9.52187 0.206919 1.9651 0.602361 0.80114 0.682695 1.81169 -0.669546 -2.43 
21 2.24508 211.057 -0.203241 -0.834711 -1.86981 -2.20237 -2.78429 -3.32625 -3.38793 -9.52187 0.206633 1.28011 0.53656 0.849315 0.674058 0.689156 -0.663707 -2.43 
22 1.72538 230.764 -0.190264 -0.676975 -1.87729 -2.18608 -2.69312 -2.33719 -3.37201 -9.52187 0.172787 -0.445266 0.638373 0.876831 0.794187 -0.296859 -0.672904 -2.43 
24 1.37657 232.658 -0.196061 -0.693334 -1.87384 -2.19293 -2.73162 -2.86039 -3.37892 -9.52187 0.187829 0.419289 0.593733 0.864293 0.727182 0.31376 -0.671339 -2.43 
25 0.226025 242.347 -0.189562 -0.467309 -1.88332 -2.18198 -2.64977 -2.7766 -3.35646 -9.52187 0.168432 0.492285 0.680983 0.918662 0.668081 0.373938 -0.73328 -2.43 
27 0.190864 243.175 -0.192459 -0.5753 -1.87861 -2.18717 -2.6861 -2.81422 -3.3675 -9.52187 0.177373 0.456539 0.640078 0.893324 0.683661 0.340098 -0.705579 -2.43 
28 0.114631 247.549 -0.189128 -0.512798 -1.88062 -2.18677 -2.63467 -2.77868 -3.36407 -9.52187 0.170884 0.471024 0.676315 0.919968 0.56903 0.323917 -0.736901 -2.43 
29 0.0776692 250.779 -0.188522 -0.519371 -1.88612 -2.1926 -2.59899 -2.78473 -3.36955 -9.52187 0.165299 0.455208 0.719936 0.959154 0.491361 0.354513 -0.740983 -2.43 
30 0.0455744 251.289 -0.188632 -0.518903 -1.88362 -2.19441 -2.60263 -2.77809 -3.37207 -9.52187 0.166287 0.458195 0.703572 0.948271 0.48627 0.331725 -0.741972 -2.43 
31 0.00619917 251.436 -0.188628 -0.518677 -1.88388 -2.19412 -2.60104 -2.77809 -3.37124 -9.52187 0.16642 0.460293 0.706671 0.950746 0.4849 0.332841 -0.741892 -2.43 
32 0.00334611 251.438 -0.188621 -0.518577 -1.88388 -2.19417 -2.60022 -2.77784 -3.37111 -9.52187 0.166495 0.461094 0.707463 0.951808 0.483227 0.332472 -0.741874 -2.43 
33 0.00240608 251.438 -0.188613 -0.518529 -1.88391 -2.19423 -2.59963 -2.77775 -3.37106 -9.52187 0.166513 0.461432 0.708104 0.952689 0.482024 0.33248 -0.741836 -2.43 
34 0.00166613 251.437 -0.188608 -0.518506 -1.88392 -2.19428 -2.59926 -2.77768 -3.37106 -9.52187 0.166513 0.461569 0.708476 0.953268 0.481191 0.332483 -0.741822 -2.43 
35 0.00110662 251.437 -0.188604 -0.518495 -1.88392 -2.19432 -2.59902 -2.77764 -3.37107 -9.52187 0.166506 0.461627 0.708719 0.953662 0.480638 0.332512 -0.741811 -2.43 
36 0.000725069 251.437 -0.188601 -0.518488 -1.88393 -2.19435 -2.59886 -2.77761 -3.37108 -9.52187 0.166499 0.461651 0.708874 0.953923 0.480275 0.33254 -0.741801 -2.43 
---------------------------------------
-0.188601 -0.518488 -1.88393 -2.19435 -2.59886 -2.77761 -3.37108 -9.52187 0.166499 0.461651 0.708874 0.953923 0.480275 0.33254 -0.741801 -2.43 
0.00589206 0.00729088 0.0165653 0.00314274 0.0304135 0.0456978 0.069669 117.898 0.0947304 0.0921543 0.146755 0.0747924 0.158962 0.195914 0.222536 230.005 
0.199044 0.165524 -0.00558816 -0.0161132 0.0729356 0.138753 0.00273241 -6.66395e-07 -0.00106532 0.00486745 0.0143658 0.00896892 -0.0113932 0.0026117 0.000562201 2.50256e-07 
---------------------------------------
***************************************

# 0.005 0.019 0.0425 0.07 0.11 0.17 0.24 0.4 0.603 
-1.886e-01 5.892e-03
-5.185e-01 7.291e-03
-1.884e+00 1.657e-02
-2.194e+00 3.143e-03
-2.599e+00 3.041e-02
-2.778e+00 4.570e-02
-3.371e+00 6.967e-02
-9.522e+00 1.179e+02
1.665e-01 9.473e-02
4.617e-01 9.215e-02
7.089e-01 1.468e-01
9.539e-01 7.479e-02
4.803e-01 1.590e-01
3.325e-01 1.959e-01
-7.418e-01 2.225e-01
-2.430e+00 2.300e+02
***************************************
***************************************

# 0.005 0.019 0.0425 0.07 0.11 0.17 0.24 0.4 0.603 
6.533e-02 2.816e-01
-9.694e-02 2.103e-01
-1.175e+00 2.185e-01
-1.525e+00 1.729e-01
-2.166e+00 1.536e-01
-2.492e+00 1.538e-01
-3.258e+00 1.803e-01
-9.328e+00 7.607e+01
-4.285e-01 2.732e-01
-9.084e-01 2.121e-01
-2.585e+00 3.092e-01
-2.708e+00 2.504e-01
-2.785e+00 1.934e-01
-3.111e+00 2.178e-01
-3.274e+00 1.423e-01
-3.836e+00 2.190e-01
-1.886e-01 5.892e-03
-5.185e-01 7.291e-03
-1.884e+00 1.657e-02
-2.194e+00 3.143e-03
-2.599e+00 3.041e-02
-2.778e+00 4.570e-02
-3.371e+00 6.967e-02
-9.522e+00 1.179e+02
1.665e-01 9.473e-02
4.617e-01 9.215e-02
7.089e-01 1.468e-01
9.539e-01 7.479e-02
4.803e-01 1.590e-01
3.325e-01 1.959e-01
-7.418e-01 2.225e-01
-2.430e+00 2.300e+02
***************************************
