1 0.434611 -491.51 0.59964 0.590447 0.569742 0.0600576 -0.0130874 -0.133907 -0.0744009 0.765389 
2 0.434663 -408.447 0.299638 0.220195 0.147297 -0.362399 -0.443438 -0.566426 -0.508462 0.330726 
3 0.434836 -328.241 0.161457 -0.0589404 -0.254948 -0.766055 -0.866736 -0.995477 -0.94184 -0.104109 
4 0.435199 -252.512 0.126512 -0.177032 -0.610092 -1.12575 -1.27204 -1.4162 -1.37407 -0.539308 
5 0.435642 -182.624 0.0980863 -0.158407 -0.885032 -1.39352 -1.63408 -1.81532 -1.80393 -0.974951 
6 0.435981 -120.771 0.0861192 -0.125087 -1.06156 -1.5208 -1.90918 -2.15751 -2.2274 -1.41093 
7 0.435652 -69.9686 0.0798813 -0.108422 -1.14061 -1.54165 -2.06167 -2.38051 -2.6311 -1.84658 
8 0.4362 -31.5681 0.074921 -0.102477 -1.16209 -1.53848 -2.1216 -2.45906 -2.9752 -2.28278 
9 0.440782 -4.59566 0.070836 -0.100136 -1.16698 -1.53802 -2.14419 -2.47657 -3.18347 -2.72357 
10 0.449792 13.4885 0.0679699 -0.0990229 -1.17022 -1.53795 -2.15339 -2.48548 -3.23625 -3.17336 
11 0.466438 24.952 0.0664442 -0.0983808 -1.17255 -1.53545 -2.1578 -2.48827 -3.24357 -3.6398 
12 0.525645 30.7833 0.0657617 -0.097803 -1.17374 -1.53166 -2.16103 -2.48922 -3.24754 -4.16544 
13 0.782952 32.9614 0.065477 -0.0973134 -1.17437 -1.5282 -2.16356 -2.48991 -3.247 -4.94839 
14 2.75971 33.6039 0.0654452 -0.0971805 -1.17451 -1.52711 -2.1643 -2.4901 -3.24638 -6.32825 
15 57.466 33.7075 0.065424 -0.0970835 -1.17461 -1.52629 -2.16485 -2.49023 -3.2459 -9.32825 
16 0.01254 33.7117 0.0654031 -0.0970511 -1.1747 -1.52588 -2.16546 -2.49098 -3.25217 -9.32825 
17 0.00626569 33.7136 0.0653712 -0.0970086 -1.17477 -1.52567 -2.16585 -2.49144 -3.2553 -9.32825 
18 0.00310111 33.714 0.0653492 -0.0969757 -1.17483 -1.52556 -2.16607 -2.4917 -3.25685 -9.32825 
19 0.0015287 33.7141 0.0653367 -0.0969539 -1.17486 -1.5255 -2.16621 -2.49185 -3.25762 -9.32825 
20 0.000752654 33.7142 0.0653303 -0.0969406 -1.17489 -1.52547 -2.16629 -2.49193 -3.25799 -9.32825 
---------------------------------------
0.0653303 -0.0969406 -1.17489 -1.52547 -2.16629 -2.49193 -3.25799 -9.32825 
0.281565 0.210257 0.218489 0.17294 0.153595 0.153835 0.180313 76.0678 
-0.000147453 0.000528689 -0.000861221 0.00189264 -0.00704766 -0.00804058 -0.0230055 -9.92274e-06 
---------------------------------------
***************************************

# 0.005 0.019 0.0425 0.07 0.11 0.17 0.24 0.4 0.603 
6.533e-02 2.816e-01
-9.694e-02 2.103e-01
-1.175e+00 2.185e-01
-1.525e+00 1.729e-01
-2.166e+00 1.536e-01
-2.492e+00 1.538e-01
-3.258e+00 1.803e-01
-9.328e+00 7.607e+01
***************************************
1 1.45477 39.3743 0.854767 -0.0586297 -1.22163 1.95414 -1.16962 -1.94032 -1.439 -3.52927 
2 0.440356 86.5085 0.431405 -0.327603 -1.57772 1.52118 -1.58133 -2.37344 -1.87936 -3.88109 
3 0.445779 129.342 0.092371 -0.465404 -1.8095 1.08988 -1.96439 -2.79228 -2.32514 -4.10933 
4 0.457009 163.559 -0.069281 -0.510227 -1.86396 0.661237 -2.29093 -3.16009 -2.78215 -4.212 
5 0.479075 188.102 -0.0805863 -0.521079 -1.84412 0.236358 -2.52187 -3.41533 -3.26122 -4.23072 
6 0.516866 203.849 -0.0872419 -0.517111 -1.82485 -0.186631 -2.63456 -3.512 -3.77809 -4.21984 
7 0.606154 213.471 -0.0829939 -0.514119 -1.81104 -0.614154 -2.66675 -3.4992 -4.38424 -4.19203 
8 0.980595 220.463 -0.0788338 -0.510139 -1.81228 -1.04713 -2.67222 -3.47558 -5.36484 -4.16829 
9 5.30412 226.44 -0.0798226 -0.509169 -1.83057 -1.46828 -2.67422 -3.46685 -8.36484 -4.15556 
10 4947.97 231.246 -0.0861971 -0.51261 -1.85033 -1.83577 -2.67916 -3.4682 -11.3648 -4.14523 
11 0.243127 234.157 -0.0941859 -0.518348 -1.85884 -2.07889 -2.69167 -3.48575 -11.3648 -4.15167 
12 0.0758727 235.062 -0.0967727 -0.520439 -1.85941 -2.11683 -2.69875 -3.49191 -11.3648 -4.14161 
13 0.0403957 235.111 -0.0983701 -0.521754 -1.85984 -2.13703 -2.7037 -3.49639 -11.3648 -4.13457 
14 0.020293 235.125 -0.0993153 -0.522547 -1.86014 -2.14717 -2.70694 -3.49951 -11.3648 -4.12992 
15 0.00990703 235.128 -0.099853 -0.523007 -1.86035 -2.15213 -2.70893 -3.50158 -11.3648 -4.12699 
16 0.00479093 235.13 -0.10015 -0.523265 -1.86048 -2.15452 -2.7101 -3.50292 -11.3648 -4.12522 
17 0.00231899 235.13 -0.100309 -0.523407 -1.86056 -2.15568 -2.71076 -3.50376 -11.3648 -4.12417 
18 0.00121085 235.13 -0.100394 -0.523483 -1.86061 -2.15625 -2.71113 -3.50429 -11.3648 -4.12357 
19 0.000691665 235.13 -0.100439 -0.523525 -1.86064 -2.15652 -2.71133 -3.50461 -11.3648 -4.12322 
---------------------------------------
-0.100439 -0.523525 -1.86064 -2.15652 -2.71133 -3.50461 -11.3648 -4.12322 
0.313314 0.244654 0.301525 0.194321 0.237161 0.480724 14004.9 0.879682 
-0.00103604 -0.00161153 -0.00133649 -0.0109704 -0.00776144 -0.00267532 -2.79429e-08 0.000919246 
---------------------------------------
***************************************

# 0.005 0.019 0.0425 0.07 0.11 0.17 0.24 0.4 0.603 
-1.004e-01 3.133e-01
-5.235e-01 2.447e-01
-1.861e+00 3.015e-01
-2.157e+00 1.943e-01
-2.711e+00 2.372e-01
-3.505e+00 4.807e-01
-1.136e+01 1.400e+04
-4.123e+00 8.797e-01
***************************************
1 4538.6 -3832.75 -0.0539911 -0.442723 -1.49562 -1.90379 -2.43193 -3.0166 -7.61141 -7.02573 -1.93406 -2.59726 -1.42262 0.0715616 -1.86611 -2.4 -1 0.93 
4 3693.56 -282.062 -0.0800463 -0.448432 -1.55354 -1.85532 -2.48794 -3.09053 -7.64141 -6.45573 -1.73963 -2.51754 -1.15937 0.0318921 -1.89619 -2.56764 -0.97 0.96 
5 10553.5 207.463 -0.758689 -1.47186 -1.91455 -1.87362 -3.12962 -4.09863 -10.6414 -3.45573 -0.489081 -1.55076 -0.163816 0.102295 -0.868125 -1.19635 2.03 3.96 
7 24594.8 245.146 -0.727164 -1.64223 -1.89167 -1.86728 -3.21998 -4.26737 -10.9414 -3.15573 -0.130059 -1.24425 0.042887 0.0971144 -0.556464 -0.407336 2.33 4.26 
9 51733.5 260.884 -0.656747 -1.8426 -1.85042 -1.86481 -3.26358 -4.33155 -5.24141 -2.85573 0.220911 -0.681628 0.211714 0.0985992 -0.170382 0.759719 2.63 -1.44 
11 24640.9 270.002 -0.542858 -2.02431 -1.79755 -1.86332 -3.25501 -4.08531 -4.94141 -2.55573 0.506801 0.24839 0.340581 0.101095 0.276136 1.0706 2.93 4.26 
13 10409.2 275.974 -0.400741 -2.05477 -1.73965 -1.8622 -3.17608 -3.55266 -4.64141 -2.25573 0.67485 1.0979 0.425006 0.102876 0.735937 1.3706 3.23 -1.44 
15 3689.75 280.37 -0.260859 -1.73739 -1.68374 -1.8613 -3.01982 -2.92863 -4.34141 -1.95573 0.706119 1.3979 0.466941 0.104297 1.11574 1.6706 3.53 4.26 
17 1487.65 284.063 -0.150062 -1.0727 -1.63459 -1.86053 -2.81194 -2.5208 -4.04141 -1.65573 0.634222 1.6979 0.474037 0.106068 1.30455 1.9706 3.83 0.157138 
19 783.093 287.75 -0.0756728 -0.336596 -1.59537 -1.85965 -2.61648 -2.40378 -3.74141 -1.96902 0.513817 1.9979 0.459553 0.106528 1.26757 1.01293 -1.87 1.72752 
21 387.406 291.405 -0.0332924 0.0785709 -1.5658 -1.85876 -2.48178 -2.4966 -3.44141 -2.90794 0.392981 2.2979 0.433531 0.106429 1.08671 0.371106 3.83 1.63172 
23 201.99 294.729 -0.0128907 0.153103 -1.54507 -1.85806 -2.41193 -2.5928 -3.14141 -3.18418 0.295363 1.47813 0.404616 0.107064 0.878995 0.0905692 -1.87 1.61672 
25 99.4254 297.738 -0.00460065 0.0319407 -1.53098 -1.85748 -2.38484 -2.66057 -2.84141 -3.31821 0.220952 0.720593 0.37672 0.10793 0.707354 -0.0442346 3.83 1.61154 
27 51.3277 300.451 -0.00234581 -0.0802944 -1.52159 -1.857 -2.37905 -2.70702 -2.54141 -3.39619 0.16491 0.4202 0.351579 0.108869 0.583106 -0.116356 -1.87 1.60986 
29 25.0543 302.94 -0.00303048 -0.153507 -1.51553 -1.85662 -2.38205 -2.7394 -2.24141 -3.4468 0.123599 0.283966 0.329978 0.109764 0.497874 -0.157733 3.83 1.60717 
31 12.7272 305.279 -0.00498631 -0.200853 -1.51174 -1.85625 -2.38796 -2.76294 -1.94141 -3.48192 0.0933266 0.213284 0.311838 0.11058 0.440479 -0.182946 -1.08181 1.60589 
33 6.14193 307.535 -0.00733211 -0.23233 -1.50951 -1.85595 -2.39424 -2.78005 -1.64141 -3.5084 0.0708124 0.173443 0.29668 0.111124 0.402808 -0.197936 3.17536 1.6007 
35 2.90856 309.82 -0.0096961 -0.253917 -1.5083 -1.85551 -2.40002 -2.79356 -1.43285 -3.52859 0.054021 0.148947 0.283642 0.111379 0.378803 -0.207002 0.504045 1.59977 
37 1.29659 312.262 -0.0118441 -0.269083 -1.50784 -1.85504 -2.40493 -2.80351 -2.75397 -3.54613 0.0407631 0.133988 0.271755 0.110907 0.366558 -0.210061 1.00815 1.59444 
39 0.857894 314.367 -0.0137958 -0.279931 -1.5078 -1.85474 -2.40904 -2.81235 -3.06301 -3.56005 0.0308216 0.124037 0.26257 0.110734 0.358286 -0.211099 1.04378 1.58892 
41 0.631725 316.274 -0.0554792 -0.373054 -1.53737 -1.85598 -2.47448 -2.86749 -3.51925 -3.62233 -0.0402264 0.0809691 0.176211 0.103704 0.257157 -0.24321 1.06017 1.56663 
42 0.12455 326.433 -0.0225113 -0.307954 -1.51219 -1.85368 -2.42449 -2.86805 -3.42508 -3.62205 -0.00127253 0.107943 0.224637 0.103381 0.381707 -0.159291 1.07988 1.56592 
44 0.114543 327.283 -0.0376184 -0.33762 -1.52378 -1.85479 -2.44705 -2.8677 -3.46745 -3.62249 -0.0193786 0.0958969 0.201957 0.103213 0.326883 -0.195885 1.07248 1.56708 
45 0.0795991 331.741 -0.0253053 -0.310595 -1.51544 -1.85498 -2.42483 -2.86807 -3.42321 -3.62548 -0.00607723 0.113538 0.215297 0.0977358 0.406482 -0.146788 1.09981 1.57777 
46 0.0757549 338.445 -0.026231 -0.310742 -1.5147 -1.85915 -2.42101 -2.86753 -3.418 -3.62457 0.0033893 0.149542 0.229841 0.050866 0.482237 -0.166734 1.12702 1.61038 
47 0.0296311 339.186 -0.0259102 -0.310546 -1.51491 -1.85843 -2.41956 -2.86807 -3.41059 -3.62487 0.00315619 0.144728 0.233187 0.0515493 0.497053 -0.167329 1.1186 1.61327 
48 0.0230476 339.32 -0.0257595 -0.310437 -1.51488 -1.85846 -2.41834 -2.86804 -3.40573 -3.62502 0.00260004 0.143476 0.235789 0.0494206 0.508576 -0.167912 1.11972 1.61666 
49 0.0192609 339.378 -0.0256739 -0.310372 -1.51474 -1.85867 -2.41732 -2.86822 -3.40219 -3.62507 0.00213531 0.143333 0.237678 0.0463864 0.518207 -0.1681 1.1228 1.6206 
50 0.0160819 339.411 -0.0256171 -0.310331 -1.51458 -1.85894 -2.41648 -2.86842 -3.39943 -3.62498 0.00180063 0.143461 0.239012 0.0434572 0.526248 -0.168425 1.12633 1.6244 
51 0.0134642 339.433 -0.0255774 -0.310301 -1.51443 -1.8592 -2.41578 -2.86868 -3.3972 -3.62481 0.00156624 0.143613 0.239947 0.0409227 0.53298 -0.168812 1.12972 1.62794 
52 0.0112748 339.448 -0.0255483 -0.310279 -1.51429 -1.85945 -2.41518 -2.86895 -3.39538 -3.62456 0.00140459 0.143734 0.240605 0.0388182 0.538617 -0.169242 1.13287 1.63118 
53 0.0094635 339.458 -0.0255263 -0.310262 -1.51417 -1.85968 -2.41466 -2.86923 -3.39385 -3.62427 0.00129423 0.14382 0.241074 0.0370917 0.543349 -0.169683 1.13575 1.63415 
54 0.00797335 339.466 -0.0255092 -0.310248 -1.51407 -1.85988 -2.41421 -2.86951 -3.39256 -3.62394 0.00121958 0.143881 0.241414 0.035676 0.547336 -0.170113 1.13835 1.63685 
55 0.00675253 339.472 -0.0254954 -0.310236 -1.51397 -1.86007 -2.41381 -2.86979 -3.39146 -3.6236 0.0011695 0.143923 0.241667 0.0345094 0.550712 -0.170521 1.1407 1.63932 
56 0.00575383 339.476 -0.0254841 -0.310227 -1.51389 -1.86024 -2.41346 -2.87007 -3.39051 -3.62324 0.00113608 0.143953 0.241861 0.0335413 0.553589 -0.170897 1.14283 1.64158 
57 0.00493656 339.479 -0.0254747 -0.310218 -1.51383 -1.86039 -2.41314 -2.87034 -3.38969 -3.62287 0.00111377 0.143975 0.242014 0.0327316 0.556057 -0.171235 1.14475 1.64366 
58 0.00426663 339.482 -0.0254667 -0.310211 -1.51377 -1.86054 -2.41285 -2.87061 -3.38896 -3.6225 0.00109872 0.143992 0.24214 0.032049 0.558191 -0.171534 1.14649 1.64558 
59 0.00371606 339.484 -0.0254599 -0.310205 -1.51371 -1.86067 -2.41258 -2.87086 -3.38831 -3.62214 0.00108829 0.144004 0.242246 0.0314692 0.560049 -0.171791 1.14807 1.64735 
60 0.00331114 339.486 -0.025454 -0.310199 -1.51367 -1.86079 -2.41233 -2.87111 -3.38773 -3.62177 0.00108066 0.144013 0.242338 0.0309731 0.56168 -0.172008 1.14952 1.64901 
61 0.00310077 339.487 -0.0254489 -0.310194 -1.51363 -1.8609 -2.41209 -2.87136 -3.3872 -3.62141 0.00107458 0.14402 0.242421 0.0305458 0.563123 -0.172183 1.15084 1.65056 
62 0.00292009 339.489 -0.0254444 -0.31019 -1.51359 -1.861 -2.41187 -2.87159 -3.38672 -3.62105 0.0010692 0.144025 0.242497 0.0301757 0.564411 -0.172319 1.15206 1.65202 
63 0.002766 339.49 -0.0254404 -0.310186 -1.51356 -1.8611 -2.41166 -2.87183 -3.38628 -3.62069 0.00106393 0.144029 0.242567 0.0298533 0.565568 -0.172416 1.15318 1.6534 
64 0.0026358 339.491 -0.025437 -0.310182 -1.51353 -1.86119 -2.41146 -2.87205 -3.38587 -3.62033 0.00105839 0.144033 0.242634 0.0295711 0.566618 -0.172477 1.15423 1.65472 
65 0.00252722 339.492 -0.0254339 -0.310179 -1.5135 -1.86128 -2.41126 -2.87227 -3.38548 -3.61998 0.00105228 0.144035 0.242698 0.0293231 0.567577 -0.172502 1.15521 1.65599 
66 0.00243833 339.493 -0.0254312 -0.310176 -1.51348 -1.86136 -2.41107 -2.87249 -3.38511 -3.61963 0.00104543 0.144037 0.24276 0.0291044 0.56846 -0.172492 1.15612 1.6572 
67 0.00236759 339.494 -0.0254288 -0.310174 -1.51346 -1.86144 -2.41089 -2.87271 -3.38476 -3.61928 0.00103769 0.144039 0.242821 0.028911 0.56928 -0.17245 1.15699 1.65839 
68 0.00231378 339.495 -0.0254267 -0.310171 -1.51345 -1.86152 -2.4107 -2.87292 -3.38442 -3.61892 0.00102897 0.14404 0.242881 0.0287396 0.570047 -0.172375 1.15782 1.65954 
69 0.00227599 339.496 -0.0254249 -0.310169 -1.51343 -1.86159 -2.41052 -2.87314 -3.3841 -3.61857 0.00101918 0.144041 0.242941 0.0285873 0.57077 -0.172269 1.15861 1.66068 
70 0.0022536 339.497 -0.0254233 -0.310167 -1.51342 -1.86167 -2.41034 -2.87336 -3.38377 -3.61821 0.00100826 0.144041 0.243001 0.0284521 0.571457 -0.172131 1.15937 1.66181 
71 0.00224628 339.498 -0.0254219 -0.310165 -1.51341 -1.86174 -2.41015 -2.87358 -3.38346 -3.61784 0.00099614 0.144042 0.243062 0.028332 0.572115 -0.171963 1.16011 1.66293 
72 0.00225398 339.499 -0.0254207 -0.310163 -1.5134 -1.86181 -2.40997 -2.8738 -3.38314 -3.61746 0.000982756 0.144042 0.243124 0.0282254 0.572751 -0.171762 1.16082 1.66406 
73 0.00227695 339.501 -0.0254197 -0.310161 -1.51339 -1.86188 -2.40978 -2.87403 -3.38283 -3.61707 0.000968031 0.144042 0.243188 0.0281312 0.573369 -0.171529 1.16153 1.6652 
74 0.00231572 339.502 -0.0254188 -0.31016 -1.51338 -1.86195 -2.40958 -2.87426 -3.38251 -3.61667 0.00095188 0.144042 0.243254 0.0280482 0.573975 -0.171262 1.16222 1.66636 
75 0.00237116 339.504 -0.0254181 -0.310158 -1.51338 -1.86202 -2.40938 -2.87451 -3.38219 -3.61626 0.0009342 0.144041 0.243323 0.0279758 0.574575 -0.17096 1.1629 1.66754 
76 0.00244447 339.506 -0.0254176 -0.310157 -1.51337 -1.86209 -2.40917 -2.87476 -3.38186 -3.61582 0.000914866 0.144041 0.243395 0.0279132 0.575174 -0.170619 1.16359 1.66876 
77 0.00253722 339.508 -0.0254172 -0.310156 -1.51337 -1.86217 -2.40894 -2.87503 -3.38152 -3.61536 0.000893731 0.144039 0.243473 0.0278602 0.575775 -0.170237 1.16427 1.67003 
78 0.00265134 339.511 -0.025417 -0.310154 -1.51337 -1.86225 -2.40871 -2.87532 -3.38118 -3.61487 0.000870616 0.144038 0.243556 0.0278165 0.576385 -0.169809 1.16497 1.67136 
79 0.00278916 339.514 -0.0254169 -0.310153 -1.51336 -1.86233 -2.40846 -2.87563 -3.38082 -3.61435 0.000845308 0.144035 0.243645 0.0277821 0.577009 -0.169331 1.16567 1.67275 
80 0.00295332 339.518 -0.0254171 -0.310152 -1.51336 -1.86242 -2.4082 -2.87596 -3.38044 -3.6138 0.00081755 0.144032 0.243744 0.0277573 0.577652 -0.168797 1.16638 1.67423 
81 0.00314656 339.522 -0.0254174 -0.31015 -1.51337 -1.86251 -2.40791 -2.87632 -3.38005 -3.6132 0.00078704 0.144028 0.243853 0.0277425 0.578321 -0.1682 1.1671 1.6758 
82 0.00337143 339.528 -0.0254179 -0.310149 -1.51337 -1.86261 -2.4076 -2.87671 -3.37963 -3.61255 0.000753421 0.144023 0.243974 0.0277387 0.579022 -0.16753 1.16785 1.67749 
83 0.00362941 339.536 -0.0254186 -0.310148 -1.51337 -1.86271 -2.40726 -2.87714 -3.37919 -3.61184 0.000716277 0.144015 0.24411 0.0277468 0.57976 -0.166778 1.16862 1.6793 
84 0.00391953 339.546 -0.0254196 -0.310146 -1.51338 -1.86283 -2.4069 -2.87762 -3.37871 -3.61107 0.000675138 0.144006 0.244265 0.0277683 0.580543 -0.165934 1.16941 1.68126 
85 0.00423571 339.559 -0.0254209 -0.310145 -1.51339 -1.86296 -2.4065 -2.87814 -3.3782 -3.61024 0.000629487 0.143995 0.244441 0.0278048 0.581374 -0.164986 1.17023 1.68338 
86 0.0045625 339.577 -0.0254225 -0.310143 -1.5134 -1.8631 -2.40607 -2.87873 -3.37763 -3.60934 0.000578793 0.143981 0.244642 0.0278581 0.582255 -0.163925 1.17109 1.68566 
87 0.00486902 339.604 -0.0254245 -0.310142 -1.51341 -1.86326 -2.40562 -2.87936 -3.377 -3.60839 0.000522561 0.143964 0.24487 0.0279292 0.583182 -0.162749 1.172 1.6881 
88 0.00510264 339.642 -0.0254269 -0.31014 -1.51343 -1.86343 -2.40515 -2.88005 -3.37629 -3.60741 0.000460416 0.143945 0.245125 0.0280176 0.584139 -0.161464 1.17298 1.69065 
89 0.00518862 339.699 -0.0254296 -0.310138 -1.51345 -1.86361 -2.4047 -2.88076 -3.37546 -3.60646 0.000392158 0.143926 0.245402 0.0281185 0.585094 -0.1601 1.17408 1.69324 
90 0.00504733 339.782 -0.0254327 -0.310136 -1.51347 -1.8638 -2.40427 -2.88145 -3.37449 -3.60559 0.000317627 0.143911 0.245683 0.0282197 0.585992 -0.158707 1.17539 1.69577 
91 0.00463521 339.904 -0.0254364 -0.310135 -1.51349 -1.86398 -2.40392 -2.88209 -3.37339 -3.60487 0.000236043 0.143908 0.245942 0.0282983 0.586766 -0.15736 1.17699 1.69808 
92 0.00401278 340.074 -0.0254411 -0.310133 -1.51352 -1.86413 -2.40366 -2.88262 -3.37219 -3.60434 0.000144997 0.143926 0.246137 0.0283219 0.587355 -0.156132 1.179 1.70007 
93 0.00475553 340.296 -0.0254476 -0.310132 -1.51355 -1.86425 -2.40349 -2.88304 -3.371 -3.60398 4.15779e-05 0.143973 0.246232 0.0282655 0.587738 -0.155082 1.18138 1.70166 
94 0.00496311 340.566 -0.0254559 -0.31013 -1.51359 -1.86432 -2.40339 -2.88334 -3.36995 -3.60378 -7.26453e-05 0.144048 0.246222 0.028137 0.587948 -0.15425 1.18386 1.70283 
95 0.00440457 340.872 -0.0254656 -0.31013 -1.51362 -1.86436 -2.40334 -2.88353 -3.36911 -3.60366 -0.000191289 0.144139 0.246136 0.0279753 0.588046 -0.153646 1.18606 1.70362 
96 0.00328311 341.199 -0.0254745 -0.31013 -1.51365 -1.86437 -2.40331 -2.88364 -3.36852 -3.6036 -0.000295851 0.144225 0.24603 0.0278365 0.588085 -0.153254 1.1877 1.70411 
97 0.00218523 341.538 -0.0254847 -0.310129 -1.51366 -1.86438 -2.4033 -2.88371 -3.36816 -3.60357 -0.000403125 0.144306 0.245923 0.027719 0.588099 -0.153006 1.18879 1.7044 
98 0.00111257 341.883 -0.025475 -0.31013 -1.51367 -1.86439 -2.40329 -2.88373 -3.36791 -3.60356 -0.00033874 0.144295 0.245923 0.0277221 0.588103 -0.152914 1.18935 1.70456 
99 0.00172682 342.225 -0.0255683 -0.310127 -1.51369 -1.86434 -2.40328 -2.88382 -3.36797 -3.60352 -0.00120215 0.144665 0.245591 0.0274058 0.588112 -0.15268 1.18997 1.70463 
100 0.0112386 342.563 -0.0250159 -0.310142 -1.51363 -1.8646 -2.4033 -2.88348 -3.36704 -3.60367 0.00441717 0.142627 0.247074 0.028769 0.588075 -0.153421 1.18885 1.70473 
101 0.0830472 340.209 -0.0287641 -0.310052 -1.51399 -1.86319 -2.40321 -2.88531 -3.37165 -3.60288 -0.0371064 0.155963 0.2389 0.0210508 0.588294 -0.149254 1.19596 1.70436 
103 0.0244879 342.802 -0.0275844 -0.310079 -1.51388 -1.86361 -2.40324 -2.88477 -3.37026 -3.60311 -0.0242231 0.151859 0.241255 0.0233928 0.588225 -0.150472 1.19392 1.7045 
105 0.00959704 343.08 -0.0251979 -0.310137 -1.51365 -1.86453 -2.40329 -2.88358 -3.36724 -3.60363 0.00261453 0.143279 0.246674 0.0283672 0.588087 -0.153197 1.18929 1.70473 
106 0.0643055 339.948 -0.0278911 -0.310074 -1.51389 -1.8636 -2.40323 -2.88478 -3.37029 -3.60311 -0.0295382 0.152779 0.241165 0.0232728 0.588229 -0.150459 1.19393 1.70448 
108 0.0174573 343.336 -0.0269202 -0.310097 -1.51381 -1.86393 -2.40325 -2.88436 -3.36921 -3.60329 -0.018058 0.149392 0.243062 0.0250752 0.588177 -0.15141 1.19233 1.70458 
110 0.0077764 343.57 -0.0252977 -0.310135 -1.51366 -1.8645 -2.40329 -2.88363 -3.36734 -3.60361 0.00154173 0.143634 0.24647 0.0281681 0.588093 -0.153088 1.1895 1.70473 
111 0.0505366 335.578 -0.0273389 -0.310088 -1.51384 -1.86382 -2.40325 -2.8845 -3.36958 -3.60323 -0.0237266 0.150802 0.242404 0.0244434 0.588196 -0.15109 1.19288 1.70454 
113 0.0132286 343.799 -0.0265639 -0.310106 -1.51377 -1.86407 -2.40326 -2.88417 -3.36874 -3.60337 -0.0142137 0.148098 0.243905 0.0258417 0.588156 -0.151832 1.19163 1.70462 
115 0.00614851 344.072 -0.025365 -0.310133 -1.51367 -1.86448 -2.40329 -2.88366 -3.36741 -3.60359 0.000766295 0.14387 0.24634 0.0280426 0.588096 -0.153021 1.18962 1.70473 
117 0.00170833 344.165 -0.0255169 -0.31013 -1.51368 -1.86443 -2.40328 -2.88372 -3.36758 -3.60356 -0.00114637 0.144407 0.24603 0.027764 0.588104 -0.15287 1.18988 1.70471 
118 0.0106472 344.086 -0.025939 -0.31012 -1.51372 -1.86428 -2.40327 -2.8839 -3.36804 -3.60349 -0.00646996 0.145892 0.245181 0.026998 0.588125 -0.152457 1.19057 1.70468 
120 0.0028248 344.546 -0.0256711 -0.310126 -1.51369 -1.86437 -2.40328 -2.88379 -3.36775 -3.60354 -0.00309113 0.144951 0.245718 0.0274831 0.588111 -0.152718 1.19014 1.7047 
121 0.0181586 342.856 -0.0249621 -0.310143 -1.51363 -1.86461 -2.40329 -2.88349 -3.36697 -3.60367 0.00598819 0.142455 0.24715 0.0287637 0.588077 -0.15341 1.18898 1.70477 
123 0.00487 344.74 -0.0254092 -0.310132 -1.51367 -1.86446 -2.40329 -2.88368 -3.36746 -3.60358 0.000251802 0.14403 0.246245 0.0279545 0.588099 -0.152973 1.18971 1.70473 
125 0.00130373 344.998 -0.02553 -0.31013 -1.51368 -1.86442 -2.40328 -2.88373 -3.36759 -3.60356 -0.00128783 0.144456 0.246001 0.0277366 0.588104 -0.152855 1.18991 1.70471 
126 0.00804149 333.095 -0.0258543 -0.310122 -1.51371 -1.86431 -2.40328 -2.88387 -3.36795 -3.6035 -0.00530858 0.145614 0.245359 0.0271488 0.588118 -0.152547 1.19044 1.70468 
128 0.00217627 345.438 -0.0257342 -0.310125 -1.5137 -1.86435 -2.40328 -2.88381 -3.36782 -3.60352 -0.00386618 0.145189 0.245594 0.0273678 0.588114 -0.152657 1.19024 1.7047 
129 0.0302387 319.522 -0.0245632 -0.310152 -1.5136 -1.86474 -2.4033 -2.88332 -3.36653 -3.60374 0.0112532 0.14106 0.24796 0.0294744 0.588058 -0.153797 1.18833 1.7048 
132 0.0280142 323.019 -0.0235508 -0.310175 -1.51351 -1.86508 -2.40332 -2.88289 -3.36542 -3.60393 0.0242992 0.137467 0.250002 0.0312893 0.588008 -0.154783 1.18668 1.70489 
135 0.0238935 327.829 -0.0238456 -0.310169 -1.51354 -1.86498 -2.40332 -2.88301 -3.36575 -3.60387 0.0204587 0.138534 0.249404 0.0307621 0.588023 -0.154496 1.18716 1.70487 
138 0.0203729 330.819 -0.0240983 -0.310163 -1.51356 -1.86489 -2.40331 -2.88312 -3.36603 -3.60383 0.017177 0.13943 0.248884 0.0303064 0.588035 -0.154248 1.18758 1.70484 
141 0.0173988 332.677 -0.0249899 -0.310142 -1.51364 -1.8646 -2.40329 -2.8835 -3.367 -3.60366 0.00570723 0.142573 0.247087 0.0287024 0.588078 -0.153381 1.18903 1.70476 
144 0.0161074 333.285 -0.0250323 -0.310141 -1.51364 -1.86459 -2.40329 -2.88352 -3.36705 -3.60365 0.0051485 0.142724 0.247005 0.0286292 0.58808 -0.153339 1.1891 1.70476 
147 0.0149397 333.698 -0.0250723 -0.31014 -1.51364 -1.86457 -2.40329 -2.88353 -3.36709 -3.60365 0.00464519 0.142854 0.246927 0.0285552 0.588082 -0.1533 1.18916 1.70476 
150 0.0138029 333.909 -0.0251085 -0.310139 -1.51365 -1.86456 -2.40329 -2.88355 -3.36713 -3.60364 0.00415151 0.142979 0.246851 0.0284895 0.588084 -0.153266 1.18922 1.70475 
153 0.0128097 333.877 -0.0251427 -0.310139 -1.51365 -1.86455 -2.40329 -2.88356 -3.36717 -3.60363 0.0037239 0.143084 0.246792 0.0284366 0.588085 -0.153233 1.18928 1.70475 
156 0.0118763 333.528 -0.0251741 -0.310138 -1.51365 -1.86454 -2.40329 -2.88358 -3.36721 -3.60363 0.00332127 0.143244 0.246715 0.0283682 0.588086 -0.153202 1.18933 1.70475 
159 0.0110521 332.686 -0.0252029 -0.310137 -1.51365 -1.86453 -2.40329 -2.88359 -3.36724 -3.60362 0.00296852 0.143313 0.246666 0.0283159 0.588088 -0.153171 1.18938 1.70474 
162 0.0101966 330.981 -0.0252302 -0.310137 -1.51366 -1.86452 -2.40329 -2.8836 -3.36727 -3.60362 0.00259605 0.143435 0.246599 0.0282911 0.588089 -0.153147 1.18942 1.70474 
165 0.00942625 327.399 -0.0252562 -0.310136 -1.51366 -1.86451 -2.40329 -2.88361 -3.36729 -3.60361 0.00226186 0.143506 0.246536 0.0282238 0.58809 -0.153122 1.18946 1.70474 
168 0.00870325 318.06 -0.0252805 -0.310135 -1.51366 -1.8645 -2.40329 -2.88362 -3.36732 -3.60361 0.0019475 0.143545 0.246526 0.0281691 0.588093 -0.153094 1.18948 1.70474 
171 0.00881189 262.312 -0.0252996 -0.310135 -1.51366 -1.8645 -2.40329 -2.88363 -3.36734 -3.6036 0.00204533 0.143814 0.246429 0.0280429 0.588083 -0.153072 1.18956 1.70474 
175 0.00839322 237.947 -0.0253102 -0.310135 -1.51366 -1.8645 -2.40329 -2.88363 -3.36734 -3.6036 0.0018404 0.143533 0.246526 0.0279423 0.588067 -0.153075 1.18953 1.70475 
179 0.00667411 195.033 -0.0252862 -0.310135 -1.51366 -1.86449 -2.40329 -2.88363 -3.36735 -3.6036 0.000985044 0.143138 0.246381 0.02846 0.588091 -0.153088 1.18953 1.70472 
183 0.00899963 82.3607 -0.0253246 -0.310136 -1.51366 -1.8645 -2.40329 -2.88363 -3.36735 -3.6036 0.00215114 0.142166 0.246259 0.0283547 0.588077 -0.153178 1.18947 1.70473 
187 0.0100024 -549.228 -0.025382 -0.310134 -1.51366 -1.8645 -2.40328 -2.88364 -3.36738 -3.6036 0.00265704 0.145078 0.246275 0.0281967 0.588275 -0.153165 1.18983 1.70471 
192 0.00823655 -768.369 -0.0252773 -0.310133 -1.51366 -1.86456 -2.40329 -2.88363 -3.36738 -3.6036 0.0017746 0.147009 0.246867 0.0281723 0.588026 -0.153175 1.18944 1.70475 
197 0.0175436 -1379.23 -0.0253604 -0.310139 -1.51367 -1.86444 -2.40329 -2.88362 -3.36739 -3.6036 0.00520247 0.135998 0.246242 0.0283325 0.588273 -0.152911 1.1897 1.70466 
202 0.0353169 -2994.14 -0.0250941 -0.310139 -1.51368 -1.86439 -2.40331 -2.88367 -3.36761 -3.60354 0.0153159 0.13543 0.245318 0.029877 0.58836 -0.153575 1.19009 1.70443 
208 0.0155896 -4038.88 -0.0252804 -0.310135 -1.51364 -1.86466 -2.40328 -2.88357 -3.36711 -3.60364 0.00545248 0.144099 0.24975 0.0319595 0.588547 -0.151702 1.19049 1.70511 
214 0.0282577 -4884.51 -0.0249996 -0.310128 -1.51361 -1.86475 -2.40326 -2.88369 -3.36743 -3.60359 0.0117866 0.158654 0.255582 0.0304476 0.58728 -0.153965 1.19171 1.70459 
220 0.0254552 -8354.5 -0.025143 -0.310131 -1.51367 -1.86409 -2.40328 -2.88373 -3.36703 -3.60354 -0.0097125 0.149327 0.255696 0.0148532 0.589418 -0.150968 1.19376 1.70435 
226 0.057386 -11314.5 -0.0253987 -0.310131 -1.51375 -1.86406 -2.40327 -2.88324 -3.36614 -3.6038 0.0263508 0.153375 0.249268 0.0171719 0.58686 -0.152077 1.19357 1.7054 
232 0.140201 -32772.8 -0.0240574 -0.310154 -1.51364 -1.8647 -2.40324 -2.88394 -3.36706 -3.60368 -0.0724424 0.156565 0.180913 0.0455658 0.589714 -0.152556 1.19245 1.70299 
233 0.129784 337.198 -0.0160568 -0.310648 -1.51266 -1.86898 -2.40349 -2.87806 -3.3526 -3.6062 0.0573412 0.116578 0.203441 0.0698719 0.588907 -0.164864 1.17081 1.70381 
235 0.0470942 340.697 -0.0279191 -0.309947 -1.51407 -1.86313 -2.40312 -2.8861 -3.37202 -3.60277 -0.106558 0.170181 0.175359 0.0360607 0.590038 -0.14807 1.20095 1.7027 
237 0.0378928 342.456 -0.0227713 -0.31024 -1.51347 -1.86544 -2.40328 -2.88292 -3.36454 -3.60411 -0.045227 0.14895 0.18535 0.0497254 0.589571 -0.154663 1.1888 1.70314 
239 0.0150496 342.995 -0.0235023 -0.310199 -1.51356 -1.8651 -2.40326 -2.88338 -3.36564 -3.60392 -0.054754 0.152069 0.183805 0.0477738 0.589636 -0.153702 1.19054 1.70308 
240 0.0499678 337.707 -0.0255463 -0.310091 -1.51377 -1.86427 -2.4032 -2.88454 -3.36836 -3.60343 -0.0797379 0.1603 0.180114 0.042785 0.589806 -0.151304 1.19495 1.70291 
242 0.00817785 343.296 -0.0247143 -0.310141 -1.51368 -1.86464 -2.40323 -2.88401 -3.3671 -3.60365 -0.0654303 0.156125 0.182163 0.0450287 0.589725 -0.15238 1.193 1.703 
244 0.00959968 343.461 -0.0236392 -0.310196 -1.51357 -1.86508 -2.40326 -2.88342 -3.3657 -3.6039 -0.0532704 0.152026 0.183993 0.0475979 0.58964 -0.153627 1.19071 1.70308 
245 0.0429394 307.738 -0.0252764 -0.31011 -1.51374 -1.86442 -2.40321 -2.88432 -3.36785 -3.60352 -0.0747401 0.158755 0.180951 0.0436818 0.589773 -0.151736 1.19417 1.70295 
247 0.00824801 343.719 -0.0245514 -0.310151 -1.51366 -1.86472 -2.40323 -2.8839 -3.36685 -3.6037 -0.0636653 0.155464 0.182493 0.0454904 0.58971 -0.152606 1.19259 1.70301 
249 0.00645254 343.932 -0.0237106 -0.310193 -1.51357 -1.86506 -2.40326 -2.88344 -3.36574 -3.60389 -0.0530159 0.152104 0.184021 0.047483 0.589643 -0.153575 1.19082 1.70308 
251 0.0023485 344.061 -0.0238396 -0.310187 -1.51359 -1.86501 -2.40325 -2.88351 -3.36592 -3.60386 -0.0547452 0.152635 0.183773 0.0471738 0.589653 -0.153424 1.19109 1.70307 
252 0.00755309 343.931 -0.0241472 -0.310171 -1.51362 -1.86489 -2.40324 -2.88368 -3.36631 -3.60379 -0.0585218 0.153838 0.183237 0.0464593 0.589677 -0.153077 1.19173 1.70305 
254 0.00123831 344.412 -0.0239479 -0.310182 -1.5136 -1.86497 -2.40325 -2.88357 -3.36604 -3.60384 -0.0557421 0.152996 0.183629 0.0469375 0.589661 -0.15331 1.19131 1.70306 
255 0.0126698 343.228 -0.0235064 -0.310204 -1.51355 -1.86515 -2.40326 -2.88332 -3.36545 -3.60394 -0.0494072 0.151117 0.184516 0.0479983 0.589625 -0.15383 1.19037 1.7031 
257 0.00308131 344.635 -0.0238072 -0.310189 -1.51358 -1.86503 -2.40325 -2.88349 -3.36585 -3.60387 -0.0535679 0.152372 0.183932 0.0472826 0.589649 -0.153479 1.191 1.70307 
259 0.000887568 344.815 -0.023876 -0.310186 -1.51359 -1.865 -2.40325 -2.88352 -3.36594 -3.60386 -0.0545107 0.152654 0.1838 0.0471212 0.589655 -0.153399 1.19115 1.70307 
---------------------------------------
-0.023876 -0.310186 -1.51359 -1.865 -2.40325 -2.88352 -3.36594 -3.60386 -0.0545107 0.152654 0.1838 0.0471212 0.589655 -0.153399 1.19115 1.70307 
0.000274505 1.61082e-05 7.72582e-05 0.000242801 2.24899e-05 0.000139476 0.000409135 5.76547e-05 0.00635194 0.00136821 0.00200216 0.00242414 0.000469574 0.00135146 0.00193592 0.000741992 
64580.5 1.23248e+06 600239 426335 1.04864e+07 1.27973e+06 460487 4.69773e+06 515.284 -2631.17 -806.745 15138.2 -15829.6 12918.9 -70454.4 -4396.42 
---------------------------------------
***************************************

# 0.005 0.019 0.0425 0.07 0.11 0.17 0.24 0.4 0.603 
-2.388e-02 2.745e-04
-3.102e-01 1.611e-05
-1.514e+00 7.726e-05
-1.865e+00 2.428e-04
-2.403e+00 2.249e-05
-2.884e+00 1.395e-04
-3.366e+00 4.091e-04
-3.604e+00 5.765e-05
-5.451e-02 6.352e-03
1.527e-01 1.368e-03
1.838e-01 2.002e-03
4.712e-02 2.424e-03
5.897e-01 4.696e-04
-1.534e-01 1.351e-03
1.191e+00 1.936e-03
1.703e+00 7.420e-04
***************************************
***************************************

# 0.005 0.019 0.0425 0.07 0.11 0.17 0.24 0.4 0.603 
6.533e-02 2.816e-01
-9.694e-02 2.103e-01
-1.175e+00 2.185e-01
-1.525e+00 1.729e-01
-2.166e+00 1.536e-01
-2.492e+00 1.538e-01
-3.258e+00 1.803e-01
-9.328e+00 7.607e+01
-1.004e-01 3.133e-01
-5.235e-01 2.447e-01
-1.861e+00 3.015e-01
-2.157e+00 1.943e-01
-2.711e+00 2.372e-01
-3.505e+00 4.807e-01
-1.136e+01 1.400e+04
-4.123e+00 8.797e-01
-2.388e-02 2.745e-04
-3.102e-01 1.611e-05
-1.514e+00 7.726e-05
-1.865e+00 2.428e-04
-2.403e+00 2.249e-05
-2.884e+00 1.395e-04
-3.366e+00 4.091e-04
-3.604e+00 5.765e-05
-5.451e-02 6.352e-03
1.527e-01 1.368e-03
1.838e-01 2.002e-03
4.712e-02 2.424e-03
5.897e-01 4.696e-04
-1.534e-01 1.351e-03
1.191e+00 1.936e-03
1.703e+00 7.420e-04
***************************************
