1 0.434611 -491.51 0.59964 0.590447 0.569742 0.0600576 -0.0130874 -0.133907 -0.0744009 0.765389 
2 0.434663 -408.447 0.299638 0.220195 0.147297 -0.362399 -0.443438 -0.566426 -0.508462 0.330726 
3 0.434836 -328.241 0.161457 -0.0589404 -0.254948 -0.766055 -0.866736 -0.995477 -0.94184 -0.104109 
4 0.435199 -252.512 0.126512 -0.177032 -0.610092 -1.12575 -1.27204 -1.4162 -1.37407 -0.539308 
5 0.435642 -182.624 0.0980863 -0.158407 -0.885032 -1.39352 -1.63408 -1.81532 -1.80393 -0.974951 
6 0.435981 -120.771 0.0861192 -0.125087 -1.06156 -1.5208 -1.90918 -2.15751 -2.2274 -1.41093 
7 0.435652 -69.9686 0.0798813 -0.108422 -1.14061 -1.54165 -2.06167 -2.38051 -2.6311 -1.84658 
8 0.4362 -31.5681 0.074921 -0.102477 -1.16209 -1.53848 -2.1216 -2.45906 -2.9752 -2.28278 
9 0.440782 -4.59566 0.070836 -0.100136 -1.16698 -1.53802 -2.14419 -2.47657 -3.18347 -2.72357 
10 0.449792 13.4885 0.0679699 -0.0990229 -1.17022 -1.53795 -2.15339 -2.48548 -3.23625 -3.17336 
11 0.466438 24.952 0.0664442 -0.0983808 -1.17255 -1.53545 -2.1578 -2.48827 -3.24357 -3.6398 
12 0.525645 30.7833 0.0657617 -0.097803 -1.17374 -1.53166 -2.16103 -2.48922 -3.24754 -4.16544 
13 0.782952 32.9614 0.065477 -0.0973134 -1.17437 -1.5282 -2.16356 -2.48991 -3.247 -4.94839 
14 2.75971 33.6039 0.0654452 -0.0971805 -1.17451 -1.52711 -2.1643 -2.4901 -3.24638 -6.32825 
15 57.466 33.7075 0.065424 -0.0970835 -1.17461 -1.52629 -2.16485 -2.49023 -3.2459 -9.32825 
16 0.01254 33.7117 0.0654031 -0.0970511 -1.1747 -1.52588 -2.16546 -2.49098 -3.25217 -9.32825 
17 0.00626569 33.7136 0.0653712 -0.0970086 -1.17477 -1.52567 -2.16585 -2.49144 -3.2553 -9.32825 
18 0.00310111 33.714 0.0653492 -0.0969757 -1.17483 -1.52556 -2.16607 -2.4917 -3.25685 -9.32825 
19 0.0015287 33.7141 0.0653367 -0.0969539 -1.17486 -1.5255 -2.16621 -2.49185 -3.25762 -9.32825 
20 0.000752654 33.7142 0.0653303 -0.0969406 -1.17489 -1.52547 -2.16629 -2.49193 -3.25799 -9.32825 
---------------------------------------
0.0653303 -0.0969406 -1.17489 -1.52547 -2.16629 -2.49193 -3.25799 -9.32825 
0.281565 0.210257 0.218489 0.17294 0.153595 0.153835 0.180313 76.0678 
-0.000147453 0.000528689 -0.000861221 0.00189264 -0.00704766 -0.00804058 -0.0230055 -9.92274e-06 
---------------------------------------
***************************************

# 0.005 0.019 0.0425 0.07 0.11 0.17 0.24 0.4 0.603 
6.533e-02 2.816e-01
-9.694e-02 2.103e-01
-1.175e+00 2.185e-01
-1.525e+00 1.729e-01
-2.166e+00 1.536e-01
-2.492e+00 1.538e-01
-3.258e+00 1.803e-01
-9.328e+00 7.607e+01
***************************************
1 1.20235 25.714 0.602355 -0.115979 -1.11497 1.95241 -1.16787 -1.92624 -1.4347 -3.6465 
2 0.791597 84.1296 0.212498 -0.338824 -1.40006 1.51619 -1.57474 -2.31689 -1.85322 -4.4381 
3 2.37566 133.077 -0.0598869 -0.4275 -1.54262 1.07777 -1.94915 -2.64787 -2.25541 -6.81376 
4 423.759 168.857 -0.147844 -0.451875 -1.57162 0.636576 -2.26173 -2.85077 -2.63027 -9.81376 
5 0.442982 193.332 -0.14656 -0.466567 -1.57627 0.193594 -2.476 -2.88581 -2.96844 -9.81376 
6 0.443519 209.77 -0.14793 -0.476422 -1.58243 -0.249925 -2.58171 -2.84256 -3.25028 -9.81376 
7 0.440405 221.284 -0.147309 -0.483491 -1.59391 -0.69033 -2.61954 -2.81725 -3.46525 -9.81376 
8 0.421995 230.119 -0.149599 -0.487668 -1.6135 -1.11232 -2.6332 -2.80673 -3.61282 -9.81376 
9 0.368833 236.885 -0.153722 -0.490115 -1.63776 -1.48116 -2.63899 -2.80287 -3.70456 -9.81376 
10 0.261714 241.162 -0.158714 -0.492556 -1.66146 -1.74287 -2.63412 -2.80186 -3.75861 -9.81376 
11 0.121467 242.861 -0.16068 -0.493886 -1.66994 -1.80361 -2.62687 -2.80161 -3.77558 -9.81376 
12 0.077802 243.052 -0.162093 -0.494926 -1.67595 -1.84251 -2.62056 -2.80138 -3.78951 -9.81376 
13 0.0471263 243.129 -0.163058 -0.4957 -1.68002 -1.86607 -2.61545 -2.80116 -3.80084 -9.81376 
14 0.0275112 243.157 -0.16369 -0.496246 -1.68264 -1.87983 -2.61158 -2.80095 -3.80993 -9.81376 
15 0.0157404 243.167 -0.164088 -0.496618 -1.68427 -1.8877 -2.60879 -2.80076 -3.81711 -9.81376 
16 0.0111843 243.171 -0.164332 -0.496864 -1.68525 -1.89216 -2.60687 -2.8006 -3.8227 -9.81376 
17 0.00861112 243.172 -0.164479 -0.497024 -1.68583 -1.8947 -2.60558 -2.80046 -3.82701 -9.81376 
18 0.00657168 243.172 -0.164566 -0.497127 -1.68616 -1.89615 -2.60473 -2.80034 -3.8303 -9.81376 
19 0.00498194 243.173 -0.164617 -0.497193 -1.68635 -1.89698 -2.60418 -2.80024 -3.83279 -9.81376 
20 0.00375801 243.173 -0.164647 -0.497236 -1.68645 -1.89747 -2.60383 -2.80016 -3.83467 -9.81376 
21 0.00282429 243.173 -0.164664 -0.497264 -1.68651 -1.89775 -2.60361 -2.8001 -3.83608 -9.81376 
22 0.00211672 243.173 -0.164675 -0.497282 -1.68654 -1.89792 -2.60347 -2.80005 -3.83714 -9.81376 
23 0.00158318 243.173 -0.164681 -0.497294 -1.68656 -1.89802 -2.60338 -2.80001 -3.83793 -9.81376 
24 0.00118232 243.173 -0.164685 -0.497302 -1.68657 -1.89809 -2.60332 -2.79998 -3.83852 -9.81376 
25 0.000881956 243.173 -0.164687 -0.497308 -1.68657 -1.89812 -2.60329 -2.79995 -3.83896 -9.81376 
---------------------------------------
-0.164687 -0.497308 -1.68657 -1.89812 -2.60329 -2.79995 -3.83896 -9.81376 
0.288734 0.224638 0.287324 0.142969 0.171741 0.202453 0.105586 262.074 
-7.41689e-05 -0.000253207 -0.000264816 -0.00223263 0.00161732 0.000789918 -0.00483611 -5.02155e-06 
---------------------------------------
***************************************

# 0.005 0.019 0.0425 0.07 0.11 0.17 0.24 0.4 0.603 
-1.647e-01 2.887e-01
-4.973e-01 2.246e-01
-1.687e+00 2.873e-01
-1.898e+00 1.430e-01
-2.603e+00 1.717e-01
-2.800e+00 2.025e-01
-3.839e+00 1.056e-01
-9.814e+00 2.621e+02
***************************************
1 3.1661e+06 -5197.17 -0.0816687 -0.414054 -1.42773 -1.74432 -2.36631 -2.82549 -3.63824 -9.871 -1.85839 -2.62406 -1.33416 0.0672291 -1.92063 -2.71126 -1 0.93 
2 1.84828 -23.936 -0.166259 -0.507279 -1.4625 -1.74833 -2.39586 -2.92966 -3.65856 -9.871 -1.79294 -2.47255 -1.23329 0.074295 -1.84232 -2.6834 -0.815172 0.93 
3 1.9934 199.081 -0.24378 -0.610161 -1.50253 -1.74926 -2.44522 -3.03651 -3.66782 -9.871 -1.69015 -2.36048 -1.11573 0.0837777 -1.75603 -2.64675 -0.615832 0.93 
4 1.98043 246.2 -0.314579 -0.725523 -1.5348 -1.74969 -2.49935 -3.15426 -3.66745 -9.871 -1.55206 -2.21623 -0.994009 0.0943616 -1.65624 -2.58634 -0.417789 0.93 
5 2.09671 266.966 -0.920189 -1.98876 -1.77413 -1.75168 -3.02884 -4.50703 -3.54122 -9.871 0.188571 -0.119522 0.236634 0.197245 -0.499508 -1.62404 1.41988 0.93 
6 50.4765 296.402 1.94463 1.01124 -1.26254 -1.74662 -2.04328 -7.31027 -3.39334 -9.871 -0.215918 2.88048 0.117784 0.210884 1.91063 1.37596 0.180633 0.93 
8 95.0572 299.483 0.619173 1.31124 -1.31538 -1.74621 -2.07445 -1.78736 -3.3424 -9.871 0.0867678 -1.27841 0.137214 0.209748 0.987997 1.67596 0.286947 0.93 
10 42.8115 302.195 0.317901 1.61124 -1.34928 -1.74585 -2.17797 -1.48736 -3.31371 -9.871 0.0968265 1.15269 0.147109 0.208803 0.583617 1.97596 0.386873 0.93 
12 17.1429 304.993 0.182759 1.18863 -1.3716 -1.74552 -2.25539 -1.18736 -3.29892 -9.871 0.0991672 0.0128963 0.151175 0.20839 0.401145 2.27596 0.46903 0.93 
14 5.66339 307.948 0.108219 0.306245 -1.38706 -1.74522 -2.30771 -0.887356 -3.29178 -9.871 0.0933097 0.10846 0.153396 0.20799 0.308463 2.57596 0.532708 0.93 
16 2.15283 310.754 0.0615881 0.0436442 -1.39791 -1.74493 -2.34354 -1.43452 -3.28834 -9.871 0.0903434 0.122164 0.154948 0.207648 0.256102 0.987974 0.580708 0.93 
18 1.15248 313.39 0.0308584 -0.0816937 -1.40569 -1.74466 -2.36873 -2.21959 -3.28676 -9.871 0.088081 0.127068 0.156092 0.207329 0.224464 0.256373 0.616631 0.93 
20 0.778515 315.698 0.00974734 -0.152525 -1.41134 -1.74443 -2.3864 -2.47831 -3.28651 -9.871 0.0864186 0.129165 0.157056 0.206894 0.205449 0.146904 0.643805 0.93 
22 0.576345 317.791 -0.00523654 -0.196329 -1.4155 -1.74423 -2.3991 -2.60263 -3.28678 -9.871 0.0849562 0.130232 0.157848 0.206363 0.193652 0.109511 0.664327 0.93 
24 0.448601 319.715 -0.108596 -0.375083 -1.47561 -1.74585 -2.49337 -2.89704 -3.34118 -9.871 0.0993116 0.130169 0.171251 0.204762 0.135946 0.0642258 0.775676 0.93 
25 0.0902819 331.262 -0.0468458 -0.291541 -1.42654 -1.74342 -2.43466 -2.80676 -3.28753 -9.871 0.0727867 0.130868 0.163547 0.200126 0.175553 0.0738093 0.721912 0.93 
27 0.0797282 332.402 -0.075248 -0.329936 -1.44878 -1.7445 -2.46149 -2.84815 -3.31167 -9.871 0.0843901 0.130505 0.167325 0.201842 0.158296 0.0698904 0.747064 0.93 
28 0.0361674 338.837 -0.052376 -0.297946 -1.42764 -1.74341 -2.43805 -2.81198 -3.28632 -9.871 0.0667382 0.130084 0.168835 0.194976 0.185007 0.0798584 0.728039 0.93 
29 0.0397477 339.269 -0.0532605 -0.299256 -1.42712 -1.74461 -2.4392 -2.80946 -3.28395 -9.871 0.0600378 0.130174 0.184299 0.181488 0.204881 0.0815995 0.72566 0.93 
30 0.0213708 343.634 -0.0543857 -0.300161 -1.42654 -1.74416 -2.44174 -2.80704 -3.28173 -9.871 0.0530536 0.130677 0.192667 0.172955 0.220239 0.10297 0.715859 0.93 
31 0.0110949 345.489 -0.0543505 -0.300046 -1.42641 -1.74354 -2.44197 -2.80664 -3.28156 -9.871 0.0553784 0.12999 0.19242 0.172262 0.220323 0.106443 0.710312 0.93 
32 0.00774338 345.44 -0.0543065 -0.299996 -1.4263 -1.7431 -2.44207 -2.8063 -3.28143 -9.871 0.0564212 0.129713 0.19266 0.171462 0.220492 0.108715 0.70644 0.93 
33 0.00545804 345.39 -0.0542762 -0.29997 -1.4262 -1.74277 -2.44215 -2.80601 -3.28135 -9.871 0.0568683 0.129571 0.19311 0.170716 0.220747 0.110481 0.703711 0.93 
34 0.00393463 345.357 -0.0542577 -0.299954 -1.42611 -1.74252 -2.44222 -2.80576 -3.28129 -9.871 0.0570746 0.129468 0.193636 0.170055 0.22105 0.111949 0.701744 0.93 
35 0.00290812 345.339 -0.0542462 -0.299943 -1.42603 -1.74231 -2.44229 -2.80554 -3.28126 -9.871 0.057194 0.129378 0.194177 0.169477 0.22137 0.113195 0.700289 0.93 
36 0.00219851 345.329 -0.0542384 -0.299933 -1.42596 -1.74213 -2.44237 -2.80536 -3.28126 -9.871 0.0572852 0.129293 0.194706 0.168966 0.22169 0.114266 0.69919 0.93 
37 0.00186313 345.323 -0.0542325 -0.299924 -1.4259 -1.74197 -2.44243 -2.80519 -3.28126 -9.871 0.0573679 0.129212 0.195213 0.168509 0.222003 0.115197 0.698344 0.93 
38 0.00164209 345.318 -0.0542274 -0.299916 -1.42584 -1.74184 -2.4425 -2.80505 -3.28128 -9.871 0.057448 0.129134 0.195698 0.168095 0.222306 0.116018 0.697682 0.93 
39 0.00146659 345.314 -0.0542227 -0.299909 -1.42579 -1.74172 -2.44256 -2.80492 -3.28131 -9.871 0.057527 0.129061 0.196161 0.167716 0.222598 0.116752 0.697158 0.93 
40 0.00132615 345.31 -0.0542184 -0.299902 -1.42575 -1.74161 -2.44261 -2.80481 -3.28134 -9.871 0.0576049 0.12899 0.196606 0.167365 0.222879 0.117415 0.69674 0.93 
41 0.00121245 345.306 -0.0542142 -0.299895 -1.4257 -1.7415 -2.44267 -2.8047 -3.28137 -9.871 0.0576821 0.128923 0.197035 0.167036 0.223151 0.118021 0.696405 0.93 
42 0.00111921 345.302 -0.0542102 -0.299888 -1.42566 -1.74141 -2.44272 -2.8046 -3.28141 -9.871 0.0577587 0.128857 0.197452 0.166727 0.223415 0.118581 0.696136 0.93 
43 0.00104183 345.299 -0.0542062 -0.299881 -1.42562 -1.74132 -2.44277 -2.80451 -3.28144 -9.871 0.0578349 0.128794 0.197859 0.166432 0.223674 0.119102 0.695919 0.93 
44 0.000976936 345.295 -0.0542024 -0.299874 -1.42558 -1.74123 -2.44282 -2.80442 -3.28147 -9.871 0.057911 0.128733 0.198259 0.16615 0.223927 0.11959 0.695746 0.93 
---------------------------------------
-0.0542024 -0.299874 -1.42558 -1.74123 -2.44282 -2.80442 -3.28147 -9.871 0.057911 0.128733 0.198259 0.16615 0.223927 0.11959 0.695746 0.93 
0.000378906 0.000467511 0.00553961 0.00684363 0.023343 0.0359931 0.167341 118636 0.0272221 0.0259551 0.0842929 0.0832809 0.144942 0.175955 0.441176 276218 
0.955041 7.57574 39.3056 0.880441 -0.00223358 0.0244577 0.09257 7.49883e-06 0.0296002 -0.0326443 0.33281 -0.0236208 0.010803 0.00877985 -0.0157411 -3.52675e-07 
---------------------------------------
***************************************

# 0.005 0.019 0.0425 0.07 0.11 0.17 0.24 0.4 0.603 
-5.420e-02 3.789e-04
-2.999e-01 4.675e-04
-1.426e+00 5.540e-03
-1.741e+00 6.844e-03
-2.443e+00 2.334e-02
-2.804e+00 3.599e-02
-3.281e+00 1.673e-01
-9.871e+00 1.186e+05
5.791e-02 2.722e-02
1.287e-01 2.596e-02
1.983e-01 8.429e-02
1.661e-01 8.328e-02
2.239e-01 1.449e-01
1.196e-01 1.760e-01
6.957e-01 4.412e-01
9.300e-01 2.762e+05
***************************************
***************************************

# 0.005 0.019 0.0425 0.07 0.11 0.17 0.24 0.4 0.603 
6.533e-02 2.816e-01
-9.694e-02 2.103e-01
-1.175e+00 2.185e-01
-1.525e+00 1.729e-01
-2.166e+00 1.536e-01
-2.492e+00 1.538e-01
-3.258e+00 1.803e-01
-9.328e+00 7.607e+01
-1.647e-01 2.887e-01
-4.973e-01 2.246e-01
-1.687e+00 2.873e-01
-1.898e+00 1.430e-01
-2.603e+00 1.717e-01
-2.800e+00 2.025e-01
-3.839e+00 1.056e-01
-9.814e+00 2.621e+02
-5.420e-02 3.789e-04
-2.999e-01 4.675e-04
-1.426e+00 5.540e-03
-1.741e+00 6.844e-03
-2.443e+00 2.334e-02
-2.804e+00 3.599e-02
-3.281e+00 1.673e-01
-9.871e+00 1.186e+05
5.791e-02 2.722e-02
1.287e-01 2.596e-02
1.983e-01 8.429e-02
1.661e-01 8.328e-02
2.239e-01 1.449e-01
1.196e-01 1.760e-01
6.957e-01 4.412e-01
9.300e-01 2.762e+05
***************************************
