1 0.434611 -491.51 0.59964 0.590447 0.569742 0.0600576 -0.0130874 -0.133907 -0.0744009 0.765389 
2 0.434663 -408.447 0.299638 0.220195 0.147297 -0.362399 -0.443438 -0.566426 -0.508462 0.330726 
3 0.434836 -328.241 0.161457 -0.0589404 -0.254948 -0.766055 -0.866736 -0.995477 -0.94184 -0.104109 
4 0.435199 -252.512 0.126512 -0.177032 -0.610092 -1.12575 -1.27204 -1.4162 -1.37407 -0.539308 
5 0.435642 -182.624 0.0980863 -0.158407 -0.885032 -1.39352 -1.63408 -1.81532 -1.80393 -0.974951 
6 0.435981 -120.771 0.0861192 -0.125087 -1.06156 -1.5208 -1.90918 -2.15751 -2.2274 -1.41093 
7 0.435652 -69.9686 0.0798813 -0.108422 -1.14061 -1.54165 -2.06167 -2.38051 -2.6311 -1.84658 
8 0.4362 -31.5681 0.074921 -0.102477 -1.16209 -1.53848 -2.1216 -2.45906 -2.9752 -2.28278 
9 0.440782 -4.59566 0.070836 -0.100136 -1.16698 -1.53802 -2.14419 -2.47657 -3.18347 -2.72357 
10 0.449792 13.4885 0.0679699 -0.0990229 -1.17022 -1.53795 -2.15339 -2.48548 -3.23625 -3.17336 
11 0.466438 24.952 0.0664442 -0.0983808 -1.17255 -1.53545 -2.1578 -2.48827 -3.24357 -3.6398 
12 0.525645 30.7833 0.0657617 -0.097803 -1.17374 -1.53166 -2.16103 -2.48922 -3.24754 -4.16544 
13 0.782952 32.9614 0.065477 -0.0973134 -1.17437 -1.5282 -2.16356 -2.48991 -3.247 -4.94839 
14 2.75971 33.6039 0.0654452 -0.0971805 -1.17451 -1.52711 -2.1643 -2.4901 -3.24638 -6.32825 
15 57.466 33.7075 0.065424 -0.0970835 -1.17461 -1.52629 -2.16485 -2.49023 -3.2459 -9.32825 
16 0.01254 33.7117 0.0654031 -0.0970511 -1.1747 -1.52588 -2.16546 -2.49098 -3.25217 -9.32825 
17 0.00626569 33.7136 0.0653712 -0.0970086 -1.17477 -1.52567 -2.16585 -2.49144 -3.2553 -9.32825 
18 0.00310111 33.714 0.0653492 -0.0969757 -1.17483 -1.52556 -2.16607 -2.4917 -3.25685 -9.32825 
19 0.0015287 33.7141 0.0653367 -0.0969539 -1.17486 -1.5255 -2.16621 -2.49185 -3.25762 -9.32825 
20 0.000752654 33.7142 0.0653303 -0.0969406 -1.17489 -1.52547 -2.16629 -2.49193 -3.25799 -9.32825 
---------------------------------------
0.0653303 -0.0969406 -1.17489 -1.52547 -2.16629 -2.49193 -3.25799 -9.32825 
0.281565 0.210257 0.218489 0.17294 0.153595 0.153835 0.180313 76.0678 
-0.000147453 0.000528689 -0.000861221 0.00189264 -0.00704766 -0.00804058 -0.0230055 -9.92274e-06 
---------------------------------------
***************************************

# 0.005 0.019 0.0425 0.07 0.11 0.17 0.24 0.4 0.603 
6.533e-02 2.816e-01
-9.694e-02 2.103e-01
-1.175e+00 2.185e-01
-1.525e+00 1.729e-01
-2.166e+00 1.536e-01
-2.492e+00 1.538e-01
-3.258e+00 1.803e-01
-9.328e+00 7.607e+01
***************************************
1 0.434196 585.778 -0.847768 -1.2235 -1.15127 1.95628 -1.1742 -1.93042 -1.42954 -3.50542 
2 0.433599 667.979 -0.950521 -1.44435 -1.57731 1.52268 -1.60758 -2.35818 -1.85747 -3.91057 
3 0.433497 743.222 -0.981256 -1.51828 -1.98042 1.08919 -2.03975 -2.78088 -2.28487 -4.31704 
4 0.433974 811.078 -1.00574 -1.50972 -2.32561 0.655214 -2.47061 -3.19216 -2.71248 -4.71433 
5 0.435099 870.75 -1.01932 -1.47856 -2.59334 0.220115 -2.89911 -3.57046 -3.13771 -5.05352 
6 0.434338 921.376 -1.01995 -1.44959 -2.77345 -0.214223 -3.32051 -3.86326 -3.55298 -5.24802 
7 0.428395 961.843 -1.016 -1.4339 -2.86344 -0.642618 -3.72217 -4.00527 -3.94099 -5.27515 
8 0.415067 990.791 -1.01578 -1.4284 -2.89165 -1.05769 -4.06836 -4.02878 -4.25984 -5.26503 
9 0.398585 1008.09 -1.02094 -1.42805 -2.88631 -1.45627 -4.27666 -4.04128 -4.45086 -5.26253 
10 0.390314 1017.4 -1.02782 -1.43033 -2.85741 -1.84658 -4.301 -4.05501 -4.51286 -5.25457 
11 0.380475 1024.22 -1.03304 -1.4335 -2.8359 -2.22706 -4.27606 -4.05833 -4.51998 -5.24859 
12 0.331991 1029.96 -1.03678 -1.43798 -2.83733 -2.55905 -4.26776 -4.05713 -4.51889 -5.24599 
13 0.233481 1033.72 -1.04005 -1.44484 -2.8438 -2.79253 -4.25933 -4.05661 -4.51698 -5.24448 
14 0.116984 1035.27 -1.04119 -1.44809 -2.84537 -2.85102 -4.25149 -4.05679 -4.51623 -5.24393 
15 0.0796887 1035.47 -1.04205 -1.45061 -2.84648 -2.89087 -4.2444 -4.05689 -4.51571 -5.24347 
16 0.0521206 1035.57 -1.04266 -1.4525 -2.84723 -2.91693 -4.23828 -4.05695 -4.51536 -5.24309 
17 0.0331378 1035.61 -1.04309 -1.45386 -2.84773 -2.9335 -4.23331 -4.05698 -4.51514 -5.2428 
18 0.0207048 1035.62 -1.04338 -1.45482 -2.84805 -2.94385 -4.22947 -4.05697 -4.51502 -5.24258 
19 0.0128177 1035.63 -1.04358 -1.45547 -2.84825 -2.95026 -4.22664 -4.05694 -4.51495 -5.24241 
20 0.00790554 1035.63 -1.04371 -1.4559 -2.84838 -2.95421 -4.22461 -4.0569 -4.51491 -5.24229 
21 0.00487412 1035.63 -1.04379 -1.45618 -2.84845 -2.95665 -4.2232 -4.05686 -4.51489 -5.24221 
22 0.00300971 1035.63 -1.04385 -1.45636 -2.8485 -2.95815 -4.22224 -4.05682 -4.51489 -5.24215 
23 0.00186304 1035.63 -1.04388 -1.45648 -2.84852 -2.95908 -4.22158 -4.05679 -4.51488 -5.2421 
24 0.00115649 1035.63 -1.0439 -1.45655 -2.84854 -2.95966 -4.22115 -4.05676 -4.51488 -5.24207 
25 0.000719936 1035.63 -1.04392 -1.4566 -2.84855 -2.96002 -4.22086 -4.05674 -4.51488 -5.24205 
---------------------------------------
-1.04392 -1.4566 -2.84855 -2.96002 -4.22086 -4.05674 -4.51488 -5.24205 
0.274291 0.210858 0.232253 0.171473 0.223766 0.174842 0.159467 0.367062 
-0.00050031 -0.00224178 -0.00119728 -0.0241054 0.0109422 0.00186946 0.000529052 0.000453779 
---------------------------------------
***************************************

# 0.005 0.019 0.0425 0.07 0.11 0.17 0.24 0.4 0.603 
-1.044e+00 2.743e-01
-1.457e+00 2.109e-01
-2.849e+00 2.323e-01
-2.960e+00 1.715e-01
-4.221e+00 2.238e-01
-4.057e+00 1.748e-01
-4.515e+00 1.595e-01
-5.242e+00 3.671e-01
***************************************
1 2409.68 -5674.25 -0.50009 -0.830101 -2.14172 -2.28019 -3.14762 -3.57434 -4.15732 -6.98515 -1.80796 -2.64012 -1.19504 0.0588994 -2.05907 -2.55301 -1.04889 0.93 
2 314.735 740.079 -0.585653 -0.919965 -2.20779 -2.27719 -3.23885 -3.65654 -4.1763 -6.68515 -1.73285 -2.58067 -1.0806 0.0747416 -2.01977 -2.51472 -1.01867 1.23 
3 77.9448 1008.8 -0.660027 -1.02408 -2.27122 -2.27604 -3.3155 -3.77974 -4.20926 -6.38515 -1.61473 -2.5486 -0.943443 0.0938914 -1.96636 -2.49209 -0.97189 1.53 
4 33.3651 1042.97 -0.725034 -1.14611 -2.32753 -2.27522 -3.39427 -3.93292 -4.24166 -6.08515 -1.46255 -2.51385 -0.784904 0.11315 -1.89656 -2.46148 -0.919836 1.83 
5 14.3319 1059.04 -1.24663 -2.61723 -2.77678 -2.26889 -4.22032 -5.93468 -4.54754 -3.08515 0.3644 -2.05116 1.01637 0.299868 -0.97673 -1.94521 -0.362236 4.83 
7 5.77886 1068.81 -1.11658 -3.16219 -2.66277 -2.26942 -4.34135 -7.03201 -4.55374 -3.84719 0.760227 -1.74045 1.34398 0.30994 -0.574428 -1.31947 -0.279557 5.13 
9 5.10124 1075.52 -0.932181 -4.06823 -2.50588 -2.2697 -4.44535 -7.42299 -4.55324 -4.22826 1.0006 -0.998816 1.54893 0.318063 -0.0152675 0.699186 -0.204756 5.14402 
10 5347.81 960.633 -0.649074 -7.06823 -2.18591 -2.26029 -1.44535 -4.42299 -4.52363 -6.4812 -1.2362 2.00118 -0.115081 0.413877 2.98473 -2.30081 1.79786 2.14402 
12 3729.4 1084.65 -0.497068 -1.36823 -2.02859 -2.26744 -1.14535 -4.12299 -4.43914 -5.07936 -1.00152 2.30118 -0.0441613 0.354619 1.91863 3.39919 0.0653762 3.815 
14 1599.46 1087.92 -0.418528 -1.06823 -1.99629 -2.26795 -2.4795 -3.82299 -4.44113 -5.02965 -0.659299 2.60118 0.230168 0.357228 0.554357 -2.30081 0.0605658 3.74479 
16 598.07 1090.17 -0.403867 -0.768233 -1.99742 -2.26831 -2.83256 -3.52299 -4.44102 -4.99555 -0.409622 2.90118 0.413215 0.359782 0.484661 3.39919 0.0571611 3.66475 
18 296.361 1091.94 -0.594691 -0.468233 -2.1777 -2.26857 -3.30455 -3.22299 -4.48027 -4.78778 0.0684666 3.20118 0.797964 0.348977 0.462571 -2.30081 0.0340405 4.06737 
20 149.773 1092.69 -0.588936 -0.168233 -2.17224 -2.26864 -3.31122 -2.92299 -4.47795 -4.7891 0.0797075 3.50118 0.804139 0.350209 0.460181 3.39919 0.0345105 4.02767 
22 74.0093 1093.42 -0.583832 0.131767 -2.16721 -2.2687 -3.31493 -2.62299 -4.47564 -4.78979 0.08808 -2.19882 0.808291 0.35144 0.458318 -2.30081 0.0347952 3.99033 
24 37.2314 1094.16 -0.579157 0.431767 -2.16251 -2.26876 -3.31665 -2.32299 -4.47333 -4.78988 0.0938197 1.69429 0.810845 0.352615 0.456924 3.39919 0.0351202 3.95513 
26 18.2086 1094.98 -0.57476 0.731767 -2.1581 -2.26883 -3.31709 -2.02299 -4.47095 -4.78965 0.0983101 -0.648624 0.81224 0.353806 0.455734 -2.30081 0.0347818 3.92277 
28 8.98437 1095.99 -0.570515 1.03177 -2.15395 -2.26889 -3.31668 -1.72299 -4.46835 -4.78884 0.1011 0.84705 0.812705 0.354881 0.455155 1.64498 0.0345746 3.8918 
30 4.29511 1097.42 -0.566303 -0.209894 -2.15013 -2.26896 -3.31594 -2.27543 -4.46527 -4.78811 0.103684 0.569197 0.812531 0.355934 0.454748 0.463916 0.0325382 3.8637 
32 2.436 1098.77 -0.562515 -0.548667 -2.14648 -2.26903 -3.3149 -2.99023 -4.46181 -4.78704 0.105294 0.550676 0.811966 0.356954 0.454602 0.501009 0.0298478 3.83725 
34 1.72646 1099.95 -0.559008 -0.694784 -2.14298 -2.2691 -3.3135 -3.2232 -4.45853 -4.78576 0.106324 0.544759 0.81117 0.357943 0.454286 0.507541 0.0273594 3.81291 
36 1.33218 1101.03 -0.555727 -0.771393 -2.13963 -2.26916 -3.31191 -3.33402 -4.45534 -4.78436 0.106905 0.542004 0.810198 0.358898 0.453902 0.509979 0.0248817 3.79052 
38 1.07777 1102.02 -0.552638 -0.815371 -2.13644 -2.26922 -3.31021 -3.39461 -4.45221 -4.78291 0.107144 0.540433 0.809105 0.359819 0.453479 0.511184 0.0223746 3.76994 
39 0.354609 1117.61 -0.488387 -0.791185 -2.0842 -2.26933 -3.27659 -3.38088 -4.33519 -4.76625 0.0901384 0.496765 0.80098 0.369307 0.434953 0.531194 -0.1471 3.41533 
41 0.311177 1118.1 -0.518058 -0.802026 -2.10806 -2.26927 -3.29221 -3.38703 -4.38883 -4.77225 0.0979199 0.515985 0.805956 0.365067 0.442816 0.522096 -0.0670829 3.57889 
42 0.133409 1120.39 -0.495539 -0.79045 -2.08701 -2.26928 -3.28153 -3.38058 -4.34336 -4.76225 0.0900406 0.49027 0.818364 0.369939 0.428938 0.529984 -0.122926 3.44548 
43 0.0347102 1119.41 -0.497658 -0.789605 -2.08683 -2.2693 -3.28276 -3.38052 -4.34204 -4.77443 0.0869257 0.483228 0.835719 0.371069 0.42292 0.526443 -0.137228 3.43263 
44 0.0226228 1120.46 -0.498386 -0.789006 -2.08752 -2.26929 -3.28298 -3.38044 -4.34261 -4.78131 0.0865428 0.478339 0.847031 0.371488 0.421558 0.526173 -0.137938 3.4236 
45 0.015884 1120.71 -0.498649 -0.788565 -2.08829 -2.26926 -3.28293 -3.3805 -4.34308 -4.78601 0.0867083 0.474666 0.854973 0.371634 0.421351 0.526341 -0.136065 3.41717 
46 0.0116096 1120.8 -0.498743 -0.788235 -2.08899 -2.26924 -3.28278 -3.38065 -4.34333 -4.78944 0.0869304 0.471902 0.860777 0.37168 0.421484 0.526446 -0.133948 3.41249 
47 0.00868412 1120.84 -0.498775 -0.787988 -2.08958 -2.26923 -3.28262 -3.38083 -4.34343 -4.79202 0.0871073 0.469822 0.86512 0.37169 0.421705 0.526441 -0.132112 3.40903 
48 0.00657791 1120.85 -0.498784 -0.787802 -2.09006 -2.26921 -3.28247 -3.38101 -4.34347 -4.79397 0.0872331 0.468255 0.868409 0.371691 0.42193 0.526362 -0.130623 3.40644 
49 0.00501391 1120.86 -0.498785 -0.787662 -2.09045 -2.2692 -3.28234 -3.38118 -4.34348 -4.79545 0.0873205 0.46707 0.870915 0.371692 0.422129 0.52625 -0.129438 3.40449 
50 0.00383256 1120.86 -0.498783 -0.787556 -2.09075 -2.26919 -3.28223 -3.38133 -4.34349 -4.79657 0.0873819 0.466172 0.872832 0.371694 0.422298 0.52613 -0.128501 3.40301 
51 0.00293258 1120.87 -0.498781 -0.787475 -2.09099 -2.26918 -3.28214 -3.38146 -4.34349 -4.79742 0.0874257 0.465491 0.874298 0.371697 0.422437 0.526017 -0.127762 3.4019 
52 0.00224439 1120.87 -0.498779 -0.787414 -2.09118 -2.26917 -3.28206 -3.38156 -4.3435 -4.79807 0.0874577 0.464973 0.87542 0.371701 0.422548 0.525918 -0.127181 3.40106 
53 0.00171745 1120.87 -0.498777 -0.787368 -2.09133 -2.26917 -3.282 -3.38165 -4.3435 -4.79856 0.0874815 0.464578 0.876279 0.371706 0.422638 0.525834 -0.126726 3.40042 
54 0.0013139 1120.87 -0.498776 -0.787333 -2.09144 -2.26917 -3.28196 -3.38172 -4.34351 -4.79893 0.0874994 0.464278 0.876936 0.371711 0.422708 0.525765 -0.12637 3.39993 
55 0.00100494 1120.87 -0.498775 -0.787306 -2.09153 -2.26916 -3.28192 -3.38177 -4.34352 -4.79922 0.087513 0.464048 0.877438 0.371715 0.422764 0.525708 -0.126093 3.39957 
56 0.000768496 1120.87 -0.498774 -0.787285 -2.0916 -2.26916 -3.28189 -3.38182 -4.34352 -4.79943 0.0875233 0.463874 0.877823 0.371718 0.422807 0.525664 -0.125877 3.39929 
---------------------------------------
-0.498774 -0.787285 -2.0916 -2.26916 -3.28189 -3.38182 -4.34352 -4.79943 0.0875233 0.463874 0.877823 0.371718 0.422807 0.525664 -0.125877 3.39929 
0.00686122 0.0060365 0.0483248 0.0159461 0.0776903 0.0783616 0.335802 0.51751 0.100994 0.0828394 0.247381 0.122029 0.281166 0.268896 0.800822 1.09483 
0.0860511 1.11084 -0.0586259 0.00937887 0.00886813 -0.0137943 -0.000117027 -0.00167747 0.00297727 -0.052059 0.0122107 0.00059657 0.00107251 -0.00120542 0.000655145 -0.000518142 
---------------------------------------
***************************************

# 0.005 0.019 0.0425 0.07 0.11 0.17 0.24 0.4 0.603 
-4.988e-01 6.861e-03
-7.873e-01 6.036e-03
-2.092e+00 4.832e-02
-2.269e+00 1.595e-02
-3.282e+00 7.769e-02
-3.382e+00 7.836e-02
-4.344e+00 3.358e-01
-4.799e+00 5.175e-01
8.752e-02 1.010e-01
4.639e-01 8.284e-02
8.778e-01 2.474e-01
3.717e-01 1.220e-01
4.228e-01 2.812e-01
5.257e-01 2.689e-01
-1.259e-01 8.008e-01
-2.884e+00 1.095e+00
***************************************
***************************************

# 0.005 0.019 0.0425 0.07 0.11 0.17 0.24 0.4 0.603 
6.533e-02 2.816e-01
-9.694e-02 2.103e-01
-1.175e+00 2.185e-01
-1.525e+00 1.729e-01
-2.166e+00 1.536e-01
-2.492e+00 1.538e-01
-3.258e+00 1.803e-01
-9.328e+00 7.607e+01
-1.044e+00 2.743e-01
-1.457e+00 2.109e-01
-2.849e+00 2.323e-01
-2.960e+00 1.715e-01
-4.221e+00 2.238e-01
-4.057e+00 1.748e-01
-4.515e+00 1.595e-01
-5.242e+00 3.671e-01
-4.988e-01 6.861e-03
-7.873e-01 6.036e-03
-2.092e+00 4.832e-02
-2.269e+00 1.595e-02
-3.282e+00 7.769e-02
-3.382e+00 7.836e-02
-4.344e+00 3.358e-01
-4.799e+00 5.175e-01
8.752e-02 1.010e-01
4.639e-01 8.284e-02
8.778e-01 2.474e-01
3.717e-01 1.220e-01
4.228e-01 2.812e-01
5.257e-01 2.689e-01
-1.259e-01 8.008e-01
-2.884e+00 1.095e+00
***************************************
