1 0.434611 -491.51 0.59964 0.590447 0.569742 0.0600576 -0.0130874 -0.133907 -0.0744009 0.765389 
2 0.434663 -408.447 0.299638 0.220195 0.147297 -0.362399 -0.443438 -0.566426 -0.508462 0.330726 
3 0.434836 -328.241 0.161457 -0.0589404 -0.254948 -0.766055 -0.866736 -0.995477 -0.94184 -0.104109 
4 0.435199 -252.512 0.126512 -0.177032 -0.610092 -1.12575 -1.27204 -1.4162 -1.37407 -0.539308 
5 0.435642 -182.624 0.0980863 -0.158407 -0.885032 -1.39352 -1.63408 -1.81532 -1.80393 -0.974951 
6 0.435981 -120.771 0.0861192 -0.125087 -1.06156 -1.5208 -1.90918 -2.15751 -2.2274 -1.41093 
7 0.435652 -69.9686 0.0798813 -0.108422 -1.14061 -1.54165 -2.06167 -2.38051 -2.6311 -1.84658 
8 0.4362 -31.5681 0.074921 -0.102477 -1.16209 -1.53848 -2.1216 -2.45906 -2.9752 -2.28278 
9 0.440782 -4.59566 0.070836 -0.100136 -1.16698 -1.53802 -2.14419 -2.47657 -3.18347 -2.72357 
10 0.449792 13.4885 0.0679699 -0.0990229 -1.17022 -1.53795 -2.15339 -2.48548 -3.23625 -3.17336 
11 0.466438 24.952 0.0664442 -0.0983808 -1.17255 -1.53545 -2.1578 -2.48827 -3.24357 -3.6398 
12 0.525645 30.7833 0.0657617 -0.097803 -1.17374 -1.53166 -2.16103 -2.48922 -3.24754 -4.16544 
13 0.782952 32.9614 0.065477 -0.0973134 -1.17437 -1.5282 -2.16356 -2.48991 -3.247 -4.94839 
14 2.75971 33.6039 0.0654452 -0.0971805 -1.17451 -1.52711 -2.1643 -2.4901 -3.24638 -6.32825 
15 57.466 33.7075 0.065424 -0.0970835 -1.17461 -1.52629 -2.16485 -2.49023 -3.2459 -9.32825 
16 0.01254 33.7117 0.0654031 -0.0970511 -1.1747 -1.52588 -2.16546 -2.49098 -3.25217 -9.32825 
17 0.00626569 33.7136 0.0653712 -0.0970086 -1.17477 -1.52567 -2.16585 -2.49144 -3.2553 -9.32825 
18 0.00310111 33.714 0.0653492 -0.0969757 -1.17483 -1.52556 -2.16607 -2.4917 -3.25685 -9.32825 
19 0.0015287 33.7141 0.0653367 -0.0969539 -1.17486 -1.5255 -2.16621 -2.49185 -3.25762 -9.32825 
20 0.000752654 33.7142 0.0653303 -0.0969406 -1.17489 -1.52547 -2.16629 -2.49193 -3.25799 -9.32825 
---------------------------------------
0.0653303 -0.0969406 -1.17489 -1.52547 -2.16629 -2.49193 -3.25799 -9.32825 
0.281565 0.210257 0.218489 0.17294 0.153595 0.153835 0.180313 76.0678 
-0.000147453 0.000528689 -0.000861221 0.00189264 -0.00704766 -0.00804058 -0.0230055 -9.92274e-06 
---------------------------------------
***************************************

# 0.005 0.019 0.0425 0.07 0.11 0.17 0.24 0.4 0.603 
6.533e-02 2.816e-01
-9.694e-02 2.103e-01
-1.175e+00 2.185e-01
-1.525e+00 1.729e-01
-2.166e+00 1.536e-01
-2.492e+00 1.538e-01
-3.258e+00 1.803e-01
-9.328e+00 7.607e+01
***************************************
1 0.470183 209.987 -1.02473 -1.30582 -1.1552 1.95517 -1.17509 -1.93699 -1.43485 -3.57018 
2 0.484374 285.008 -1.38559 -1.69203 -1.59023 1.52009 -1.61066 -2.37468 -1.87009 -4.05456 
3 0.479178 355.04 -1.62151 -2.00599 -2.02353 1.08452 -2.04735 -2.81123 -2.30549 -4.53374 
4 0.439185 418.477 -1.71747 -2.1787 -2.44681 0.648255 -2.48653 -3.24383 -2.74018 -4.92514 
5 0.442965 474.768 -1.76654 -2.19766 -2.84015 0.21125 -2.9295 -3.6643 -3.17278 -5.09731 
6 0.444898 524.754 -1.80709 -2.16826 -3.20057 -0.226116 -3.3744 -4.04609 -3.60106 -5.09095 
7 0.437216 568.19 -1.8305 -2.14219 -3.54529 -0.66264 -3.81161 -4.32078 -4.01228 -5.10887 
8 0.433735 602.325 -1.84297 -2.12696 -3.84738 -1.09637 -4.20362 -4.40631 -4.36595 -5.14838 
9 0.428028 624.503 -1.8475 -2.12464 -4.01123 -1.5244 -4.45183 -4.3792 -4.59984 -5.17347 
10 0.421844 636.787 -1.85108 -2.13044 -3.96211 -1.94625 -4.48557 -4.366 -4.68817 -5.17571 
11 0.428178 645.435 -1.8582 -2.13245 -3.88163 -2.37442 -4.45589 -4.36422 -4.70184 -5.17469 
12 0.435336 653.629 -1.85919 -2.13468 -3.85074 -2.80976 -4.45493 -4.36212 -4.70413 -5.17497 
13 0.429167 661.3 -1.85806 -2.14024 -3.84164 -3.23893 -4.46629 -4.35725 -4.70226 -5.17836 
14 0.399951 667.769 -1.85716 -2.14649 -3.83605 -3.63888 -4.48224 -4.34942 -4.69926 -5.18717 
15 0.329652 672.294 -1.85596 -2.1512 -3.82069 -3.96853 -4.49875 -4.33885 -4.69678 -5.20164 
16 0.178526 674.451 -1.85396 -2.15451 -3.80748 -4.14706 -4.51927 -4.33015 -4.69648 -5.21657 
17 0.020524 674.828 -1.85334 -2.1555 -3.80528 -4.15113 -4.52953 -4.3288 -4.6966 -5.22072 
18 0.0143468 674.833 -1.85306 -2.15597 -3.80347 -4.15307 -4.5367 -4.32803 -4.69595 -5.2227 
19 0.0102423 674.835 -1.8529 -2.15619 -3.80205 -4.15402 -4.54183 -4.3276 -4.69504 -5.22367 
20 0.00745937 674.836 -1.85279 -2.15629 -3.80097 -4.15449 -4.54556 -4.32737 -4.69411 -5.22418 
21 0.0055252 674.837 -1.85271 -2.15634 -3.80014 -4.15473 -4.54832 -4.32726 -4.69328 -5.22446 
22 0.00414729 674.837 -1.85265 -2.15636 -3.79952 -4.15486 -4.55039 -4.32722 -4.69256 -5.22463 
23 0.00314411 674.837 -1.85261 -2.15636 -3.79905 -4.15493 -4.55196 -4.32721 -4.69198 -5.22473 
24 0.00240081 674.837 -1.85257 -2.15637 -3.7987 -4.15497 -4.55316 -4.32722 -4.69151 -5.22481 
25 0.00184262 674.837 -1.85254 -2.15637 -3.79843 -4.15499 -4.55409 -4.32723 -4.69113 -5.22486 
26 0.00141929 674.837 -1.85252 -2.15637 -3.79822 -4.155 -4.5548 -4.32725 -4.69083 -5.2249 
27 0.00109596 674.837 -1.8525 -2.15637 -3.79806 -4.15501 -4.55534 -4.32726 -4.6906 -5.22494 
28 0.000847758 674.837 -1.85249 -2.15637 -3.79794 -4.15502 -4.55577 -4.32727 -4.69042 -5.22496 
---------------------------------------
-1.85249 -2.15637 -3.79794 -4.15502 -4.55577 -4.32727 -4.69042 -5.22496 
0.278268 0.208588 0.269819 0.240975 0.249719 0.182185 0.148578 0.231384 
0.000348317 0.000221346 0.00314892 -0.000891162 -0.0132178 -0.00136603 0.0153591 -0.000112034 
---------------------------------------
***************************************

# 0.005 0.019 0.0425 0.07 0.11 0.17 0.24 0.4 0.603 
-1.852e+00 2.783e-01
-2.156e+00 2.086e-01
-3.798e+00 2.698e-01
-4.155e+00 2.410e-01
-4.556e+00 2.497e-01
-4.327e+00 1.822e-01
-4.690e+00 1.486e-01
-5.225e+00 2.314e-01
***************************************
1 1074.9 -4189.27 -0.911204 -1.17143 -2.5768 -2.88747 -3.66103 -3.45438 -3.91617 -7.5766 -1.6726 -2.73998 -1.30296 0.273663 -1.80675 -2.7958 -1 0.33 
2 888.449 486.863 -0.99447 -1.25737 -2.6891 -2.9056 -3.72781 -3.53101 -3.93415 -7.2766 -1.60814 -2.75534 -1.24571 0.321681 -1.7805 -2.81261 -0.998503 0.03 
3 221.95 639.947 -1.06742 -1.35524 -2.81767 -2.92323 -3.77751 -3.61294 -3.95715 -6.9766 -1.51028 -2.79929 -1.17077 0.375534 -1.74621 -2.83234 -0.989788 -0.27 
4 76.0887 671.714 -1.13336 -1.46685 -2.96888 -2.9388 -3.82103 -3.70007 -3.98092 -6.6766 -1.3804 -2.8683 -1.06496 0.430266 -1.70165 -2.8576 -0.978644 -0.57 
5 35.4254 687.108 -1.69701 -2.75317 -4.8145 -3.07424 -4.21547 -4.63294 -4.21719 -3.6766 0.22488 -3.94203 0.652362 0.97416 -1.16219 -3.18776 -0.851148 2.43 
7 16.4046 696.338 -1.60935 -3.09314 -5.47185 -3.06876 -4.22081 -4.80282 -4.23496 -3.3766 0.643205 -4.72624 2.10677 1.01782 -1.01865 -3.33359 -0.826762 -3.27 
9 7.64125 702.508 -1.4601 -3.45462 -6.12579 -3.06313 -4.22459 -5.0009 -4.24955 -3.0766 0.965693 -6.15073 2.40677 1.05547 -0.868423 -3.55114 -0.804386 2.33862 
11 15.6786 706.736 -1.27664 -3.54809 -6.44182 -3.05788 -4.2256 -5.23846 -4.26172 -2.7766 1.11346 -6.45073 2.70677 1.08626 -0.709364 -3.8886 -0.784793 -1.35408 
13 31.2282 709.547 -1.10782 -3.09632 -4.78061 -3.05344 -4.22131 -5.51967 -4.2718 -3.98902 1.06639 -6.75073 3.00677 1.11117 -0.547464 -4.4541 -0.767859 -0.485748 
15 36.4232 711.523 -1.11753 -2.00406 -2.06731 -3.01944 -4.09638 -5.05205 -4.18561 -4.87955 0.219916 -7.05073 3.30677 0.909368 -0.870748 -4.33883 -0.829428 -0.427126 
17 20.234 712.572 -1.09475 -1.31443 -1.2689 -3.0198 -4.09566 -5.15889 -4.19206 -4.9064 0.212616 -7.35073 3.60677 0.925116 -0.815041 -4.8209 -0.821762 -0.425841 
19 8.58508 713.775 -1.07628 -0.936118 -1.63547 -3.01986 -4.09227 -5.22409 -4.19817 -4.92385 0.204951 -7.65073 3.90677 0.940355 -0.761961 -5.47725 -0.814111 -0.425171 
21 5.26039 715.139 -1.06086 -0.86256 -1.95426 -3.0197 -4.08613 -5.18586 -4.20402 -4.9368 0.197744 -6.63887 2.8763 0.955118 -0.707625 -6.31251 -0.806631 -0.425077 
23 6.48951 716.426 -1.04825 -0.969677 -2.2202 -3.0195 -4.07853 -4.95507 -4.20958 -4.94596 0.191039 -6.0089 2.09801 0.969301 -0.654997 -6.94533 -0.799286 -0.425349 
25 6.90648 717.573 -1.0379 -1.06167 -2.37394 -3.01931 -4.07009 -4.54087 -4.21484 -4.95193 0.185288 -5.74358 1.85263 0.982842 -0.606405 -7.24533 -0.792114 -0.42607 
27 6.01028 718.616 -1.02925 -1.12097 -2.45944 -3.01914 -4.06096 -4.11746 -4.21982 -4.95579 0.180678 -5.61731 1.75019 0.995797 -0.561666 -7.54533 -0.785131 -0.427285 
29 4.19289 719.596 -1.02188 -1.15811 -2.50976 -3.01899 -4.0515 -3.83465 -4.22447 -4.95866 0.177252 -5.54992 1.69931 1.00816 -0.520574 -6.94177 -0.778198 -0.427827 
30 0.960203 734.691 -0.907813 -1.13175 -2.50287 -3.02572 -3.93673 -4.18097 -4.29016 -5.06612 0.215019 -5.45119 1.63385 1.27394 0.390611 -5.98157 -0.616323 -0.376501 
31 0.815473 740.016 -0.933625 -1.13158 -2.50451 -3.02779 -3.89103 -3.63252 -4.26441 -5.04993 0.250398 -5.50582 1.66723 1.37096 0.276749 -5.1661 -0.549649 -0.621101 
32 0.271954 741.208 -0.929138 -1.131 -2.50568 -3.02673 -3.90453 -3.7181 -4.2749 -5.03816 0.236778 -5.49867 1.64812 1.37994 0.327022 -5.30208 -0.57019 -0.638165 
33 0.230371 741.988 -0.927621 -1.13072 -2.50588 -3.0272 -3.91043 -3.76647 -4.27528 -5.02958 0.234168 -5.49708 1.64711 1.38102 0.338657 -5.41726 -0.571758 -0.629889 
34 0.160006 742.174 -0.927108 -1.13057 -2.50591 -3.02749 -3.91145 -3.79057 -4.27373 -5.02843 0.233953 -5.49723 1.64961 1.3799 0.337839 -5.49727 -0.570035 -0.616607 
35 0.0969913 742.224 -0.926928 -1.13049 -2.50591 -3.02747 -3.91023 -3.80215 -4.27229 -5.03086 0.234062 -5.49779 1.65223 1.37845 0.333679 -5.54576 -0.568658 -0.602028 
36 0.0550158 742.238 -0.92686 -1.13043 -2.50591 -3.02731 -3.90835 -3.80789 -4.27132 -5.03417 0.234112 -5.49835 1.65428 1.37725 0.329126 -5.57327 -0.567973 -0.587689 
37 0.0305339 742.243 -0.926832 -1.1304 -2.50593 -3.02711 -3.90652 -3.8109 -4.27075 -5.03716 0.234093 -5.4988 1.65579 1.37639 0.324994 -5.58854 -0.567742 -0.574586 
38 0.0226586 742.245 -0.92682 -1.13038 -2.50596 -3.02694 -3.90497 -3.81253 -4.27044 -5.03947 0.234042 -5.49914 1.65686 1.37581 0.321452 -5.59702 -0.567741 -0.563257 
39 0.0188062 742.245 -0.926814 -1.13036 -2.50599 -3.02681 -3.90374 -3.81345 -4.27029 -5.04113 0.233987 -5.49938 1.65763 1.37543 0.318487 -5.60179 -0.567836 -0.553854 
40 0.0151524 742.246 -0.926811 -1.13035 -2.50603 -3.02671 -3.90278 -3.81398 -4.27022 -5.04227 0.233938 -5.49955 1.65818 1.37518 0.316036 -5.60453 -0.567958 -0.546278 
41 0.0119519 742.246 -0.92681 -1.13035 -2.50606 -3.02664 -3.90205 -3.8143 -4.27021 -5.04305 0.233899 -5.49967 1.65858 1.37501 0.31403 -5.60613 -0.568077 -0.540302 
42 0.00928588 742.246 -0.92681 -1.13034 -2.50608 -3.02659 -3.90149 -3.81449 -4.27021 -5.04357 0.23387 -5.49976 1.65887 1.37491 0.3124 -5.6071 -0.568179 -0.535659 
43 0.00713729 742.247 -0.92681 -1.13034 -2.5061 -3.02655 -3.90106 -3.81461 -4.27023 -5.04391 0.233849 -5.49982 1.65908 1.37483 0.311084 -5.60769 -0.568264 -0.53209 
44 0.00544395 742.247 -0.92681 -1.13033 -2.50612 -3.02652 -3.90074 -3.81469 -4.27025 -5.04414 0.233833 -5.49986 1.65924 1.37478 0.310026 -5.60807 -0.568331 -0.529368 
45 0.00412976 742.247 -0.92681 -1.13033 -2.50614 -3.0265 -3.90049 -3.81474 -4.27027 -5.0443 0.233822 -5.49989 1.65936 1.37475 0.30918 -5.60831 -0.568383 -0.527303 
46 0.00312069 742.247 -0.92681 -1.13033 -2.50615 -3.02649 -3.90029 -3.81478 -4.27028 -5.0444 0.233815 -5.49991 1.65945 1.37472 0.308506 -5.60847 -0.568424 -0.525743 
47 0.00235173 742.247 -0.92681 -1.13033 -2.50616 -3.02648 -3.90014 -3.81481 -4.2703 -5.04447 0.233809 -5.49993 1.65952 1.3747 0.30797 -5.60858 -0.568455 -0.524567 
48 0.00176888 742.247 -0.92681 -1.13033 -2.50617 -3.02647 -3.90003 -3.81483 -4.27031 -5.04451 0.233805 -5.49994 1.65957 1.37469 0.307546 -5.60866 -0.568479 -0.523683 
49 0.00132877 742.247 -0.926811 -1.13033 -2.50617 -3.02646 -3.89994 -3.81484 -4.27032 -5.04454 0.233802 -5.49994 1.65961 1.37468 0.307211 -5.60871 -0.568497 -0.523018 
50 0.00099733 742.247 -0.926811 -1.13033 -2.50618 -3.02646 -3.89987 -3.81486 -4.27033 -5.04456 0.2338 -5.49995 1.65964 1.37467 0.306947 -5.60875 -0.568511 -0.52252 
---------------------------------------
-0.926811 -1.13033 -2.50618 -3.02646 -3.89987 -3.81486 -4.27033 -5.04456 0.2338 -5.49995 1.65964 1.37467 0.306947 -5.60875 -0.568511 -0.52252 
0.0229214 0.00276449 0.0272336 0.127235 0.442488 0.261818 0.215271 0.881451 0.183735 0.0578582 0.187765 0.411331 1.06812 0.661655 0.535935 1.81623 
7.11492e-05 0.103907 -0.0129714 0.000468584 0.000706138 -0.000311332 -0.000342097 -0.000276625 -9.81021e-05 -0.00331123 0.00167374 -0.000122147 -0.000463289 -0.000185862 -6.32793e-05 0.000343507 
---------------------------------------
***************************************

# 0.005 0.019 0.0425 0.07 0.11 0.17 0.24 0.4 0.603 
-9.268e-01 2.292e-02
-1.130e+00 2.764e-03
-2.506e+00 2.723e-02
-3.026e+00 1.272e-01
-3.900e+00 4.425e-01
-3.815e+00 2.618e-01
-4.270e+00 2.153e-01
-5.045e+00 8.815e-01
2.338e-01 1.837e-01
7.832e-01 5.786e-02
1.660e+00 1.878e-01
1.375e+00 4.113e-01
3.069e-01 1.068e+00
6.744e-01 6.617e-01
-5.685e-01 5.359e-01
-5.225e-01 1.816e+00
***************************************
***************************************

# 0.005 0.019 0.0425 0.07 0.11 0.17 0.24 0.4 0.603 
6.533e-02 2.816e-01
-9.694e-02 2.103e-01
-1.175e+00 2.185e-01
-1.525e+00 1.729e-01
-2.166e+00 1.536e-01
-2.492e+00 1.538e-01
-3.258e+00 1.803e-01
-9.328e+00 7.607e+01
-1.852e+00 2.783e-01
-2.156e+00 2.086e-01
-3.798e+00 2.698e-01
-4.155e+00 2.410e-01
-4.556e+00 2.497e-01
-4.327e+00 1.822e-01
-4.690e+00 1.486e-01
-5.225e+00 2.314e-01
-9.268e-01 2.292e-02
-1.130e+00 2.764e-03
-2.506e+00 2.723e-02
-3.026e+00 1.272e-01
-3.900e+00 4.425e-01
-3.815e+00 2.618e-01
-4.270e+00 2.153e-01
-5.045e+00 8.815e-01
2.338e-01 1.837e-01
7.832e-01 5.786e-02
1.660e+00 1.878e-01
1.375e+00 4.113e-01
3.069e-01 1.068e+00
6.744e-01 6.617e-01
-5.685e-01 5.359e-01
-5.225e-01 1.816e+00
***************************************
