HST1158  1157    56690.61198  3.2400e-14  8.9000e-16  15.9982  0.0298  -1
HST1158  1157    56691.54161  3.4800e-14  9.2000e-16  15.9206  0.0287  -1
HST1158  1157    56692.39404  3.7500e-14  9.5000e-16  15.8395  0.0275  -1
HST1158  1157    56693.32371  3.9100e-14  9.8000e-16  15.7941  0.0272  -1
HST1158  1157    56695.27006  4.1100e-14  9.9000e-16  15.7399  0.0262  -1
HST1158  1157    56696.24593  4.5900e-14  1.0500e-15  15.6200  0.0248  -1
HST1158  1157    56697.30802  4.8700e-14  1.0800e-15  15.5557  0.0241  -1
HST1158  1157    56698.30411  5.2500e-14  1.1300e-15  15.4741  0.0234  -1
HST1158  1157    56699.23377  4.9300e-14  1.1000e-15  15.5424  0.0242  -1
HST1158  1157    56700.22987  4.8300e-14  1.0800e-15  15.5647  0.0243  -1
HST1158  1157    56701.35878  4.9000e-14  1.0800e-15  15.5490  0.0239  -1
HST1158  1157    56702.15568  5.1100e-14  1.1100e-15  15.5035  0.0236  -1
HST1158  1157    56703.15179  5.2800e-14  1.1300e-15  15.4680  0.0232  -1
HST1158  1157    56705.34318  4.9000e-14  1.0900e-15  15.5490  0.0242  -1
HST1158  1157    56706.20637  4.6800e-14  1.0600e-15  15.5989  0.0246  -1
HST1158  1157    56707.20241  4.9200e-14  1.0800e-15  15.5446  0.0238  -1
HST1158  1157    56708.26483  4.3400e-14  1.0200e-15  15.6808  0.0255  -1
HST1158  1157    56709.26083  4.0700e-14  9.9000e-16  15.7506  0.0264  -1
HST1158  1157    56710.25682  3.5100e-14  9.2000e-16  15.9113  0.0285  -1
HST1158  1157    56711.11999  3.1000e-14  8.8000e-16  16.0461  0.0308  -1
HST1158  1157    56712.18231  3.2700e-14  9.0000e-16  15.9882  0.0299  -1
HST1158  1157    56713.17827  3.2400e-14  8.9000e-16  15.9982  0.0298  -1
HST1158  1157    56714.24057  3.1500e-14  8.8000e-16  16.0288  0.0303  -1
HST1158  1157    56715.04390  2.8300e-14  8.4000e-16  16.1451  0.0322  -1
HST1158  1157    56715.89818  2.7500e-14  8.3000e-16  16.1762  0.0328  -1
HST1158  1157    56716.83698  2.5200e-14  8.1000e-16  16.2710  0.0349  -1
HST1158  1157    56718.82771  2.3200e-14  7.7000e-16  16.3608  0.0360  -1
HST1158  1157    56720.14935  2.1500e-14  7.6000e-16  16.4434  0.0384  -1
HST1158  1157    56721.01937  1.9400e-14  7.3000e-16  16.5550  0.0409  -1
HST1158  1157    56722.08622  1.8700e-14  7.2000e-16  16.5949  0.0418  -1
HST1158  1157    56723.13713  1.7800e-14  7.2000e-16  16.6485  0.0439  -1
HST1158  1157    56726.06000  2.0500e-14  7.4000e-16  16.4952  0.0392  -1
HST1158  1157    56727.05588  1.8200e-14  7.1000e-16  16.6244  0.0424  -1
HST1158  1157    56727.78841  1.9400e-14  7.3000e-16  16.5550  0.0409  -1
HST1158  1157    56728.91577  1.9800e-14  7.4000e-16  16.5329  0.0406  -1
HST1158  1157    56729.77981  2.1200e-14  7.5000e-16  16.4587  0.0384  -1
HST1158  1157    56730.84658  2.1100e-14  7.5000e-16  16.4638  0.0386  -1
HST1158  1157    56731.97153  2.0700e-14  7.5000e-16  16.4846  0.0393  -1
HST1158  1157    56732.90863  2.0200e-14  7.4000e-16  16.5112  0.0398  -1
HST1158  1157    56733.84524  2.2100e-14  7.6000e-16  16.4136  0.0373  -1
HST1158  1157    56734.84061  2.5400e-14  8.1000e-16  16.2625  0.0346  -1
HST1158  1157    56735.84670  3.2000e-14  8.9000e-16  16.0117  0.0302  -1
HST1158  1157    56736.43542  3.6900e-14  9.4000e-16  15.8570  0.0277  -1
HST1158  1157    56737.68784  3.8500e-14  9.6000e-16  15.8109  0.0271  -1
HST1158  1157    56738.50324  4.0200e-14  9.8000e-16  15.7640  0.0265  -1
HST1158  1157    56739.67934  4.6300e-14  1.0500e-15  15.6106  0.0246  -1
HST1158  1157    56740.36218  5.0000e-14  1.1100e-15  15.5271  0.0241  -1
HST1158  1157    56741.34840  4.6400e-14  1.0600e-15  15.6082  0.0248  -1
HST1158  1157    56744.40227  5.9000e-14  1.2000e-15  15.3474  0.0221  -1
HST1158  1157    56745.25418  5.7700e-14  1.1900e-15  15.3716  0.0224  -1
HST1158  1157    56746.24994  5.7100e-14  1.1800e-15  15.3829  0.0224  -1
HST1158  1157    56747.17931  5.9800e-14  1.2100e-15  15.3328  0.0220  -1
HST1158  1157    56748.24130  6.0100e-14  1.2100e-15  15.3274  0.0219  -1
HST1158  1157    56749.17062  5.5900e-14  1.1600e-15  15.4060  0.0225  -1
HST1158  1157    56750.30085  5.3400e-14  1.1300e-15  15.4557  0.0230  -1
HST1158  1157    56751.16201  5.0500e-14  1.1000e-15  15.5163  0.0236  -1
HST1158  1157    56752.02495  4.9800e-14  1.1000e-15  15.5315  0.0240  -1
HST1158  1157    56753.02067  3.9300e-14  9.7000e-16  15.7886  0.0268  -1
HST1158  1157    56753.97074  3.2800e-14  8.9000e-16  15.9849  0.0295  -1
HST1158  1157    56755.21128  3.2000e-14  8.9000e-16  16.0117  0.0302  -1
HST1158  1157    56756.14070  3.3400e-14  9.0000e-16  15.9652  0.0293  -1
HST1158  1157    56757.13674  3.4800e-14  9.2000e-16  15.9206  0.0287  -1
HST1158  1157    56759.26156  3.3000e-14  9.0000e-16  15.9783  0.0296  -1
HST1158  1157    56760.12469  3.4000e-14  9.1000e-16  15.9458  0.0291  -1
HST1158  1157    56761.05413  3.7600e-14  9.6000e-16  15.8366  0.0277  -1
HST1158  1157    56762.11625  3.8400e-14  9.6000e-16  15.8137  0.0271  -1
HST1158  1157    56763.04552  3.9400e-14  9.7000e-16  15.7858  0.0267  -1
HST1158  1157    56764.24029  4.0000e-14  9.9000e-16  15.7694  0.0269  -1
HST1158  1157    56765.16953  3.7000e-14  9.5000e-16  15.8540  0.0279  -1
HST1158  1157    56765.96600  3.8900e-14  9.7000e-16  15.7997  0.0271  -1
HST1158  1157    56767.02796  4.1200e-14  9.9000e-16  15.7373  0.0261  -1
HST1158  1157    56768.08988  4.3100e-14  1.0200e-15  15.6883  0.0257  -1
HST1158  1157    56769.15179  4.9200e-14  1.0900e-15  15.5446  0.0241  -1
HST1158  1157    56770.08097  5.1200e-14  1.1200e-15  15.5014  0.0238  -1
HST1158  1157    56771.07649  5.2900e-14  1.1300e-15  15.4659  0.0232  -1
HST1158  1157    56772.00564  5.6700e-14  1.1700e-15  15.3906  0.0224  -1
HST1158  1157    56773.06756  5.5700e-14  1.1600e-15  15.4099  0.0226  -1
HST1158  1157    56773.99674  5.4900e-14  1.1500e-15  15.4256  0.0227  -1
HST1158  1157    56774.59616  5.5700e-14  1.1600e-15  15.4099  0.0226  -1
HST1158  1157    56775.59066  5.2900e-14  1.1400e-15  15.4659  0.0234  -1
HST1158  1157    56776.72386  4.8100e-14  1.0800e-15  15.5692  0.0244  -1
HST1158  1157    56777.44796  5.0800e-14  1.1000e-15  15.5099  0.0235  -1
HST1158  1157    56778.45577  4.7300e-14  1.0700e-15  15.5874  0.0246  -1
HST1158  1157    56779.43943  4.7200e-14  1.0700e-15  15.5897  0.0246  -1
HST1158  1157    56780.45704  4.6800e-14  1.0600e-15  15.5989  0.0246  -1
HST1158  1157    56781.36483  4.5400e-14  1.0500e-15  15.6319  0.0251  -1
HST1158  1157    56782.37260  4.2400e-14  1.0100e-15  15.7061  0.0259  -1
HST1158  1157    56783.35715  4.9100e-14  1.0800e-15  15.5468  0.0239  -1
HST1158  1157    56784.75799  5.5700e-14  1.1600e-15  15.4099  0.0226  -1
HST1158  1157    56785.75234  6.0000e-14  1.2100e-15  15.3292  0.0219  -1
HST1158  1157    56786.69054  5.5000e-14  1.1500e-15  15.4236  0.0227  -1
HST1158  1157    56787.28705  5.3300e-14  1.1400e-15  15.4577  0.0232  -1
HST1158  1157    56788.28281  5.2200e-14  1.1200e-15  15.4804  0.0233  -1
HST1158  1157    56789.27911  4.6500e-14  1.0500e-15  15.6059  0.0245  -1
HST1158  1157    56790.27474  4.2700e-14  1.0100e-15  15.6985  0.0257  -1
HST1158  1157    56791.27099  4.2200e-14  1.0100e-15  15.7113  0.0260  -1
HST1158  1157    56792.26651  4.9500e-14  1.0900e-15  15.5380  0.0239  -1
HST1158  1157    56793.19570  5.0500e-14  1.1100e-15  15.5163  0.0239  -1
HST1158  1157    56794.19111  4.7900e-14  1.0700e-15  15.5737  0.0243  -1
HST1158  1157    56795.25369  4.4900e-14  1.0300e-15  15.6439  0.0249  -1
HST1158  1157    56796.10640  4.5100e-14  1.0400e-15  15.6391  0.0250  -1
HST1158  1157    56797.07521  5.2100e-14  1.1200e-15  15.4824  0.0233  -1
HST1158  1157    56798.10705  5.0400e-14  1.1000e-15  15.5185  0.0237  -1
HST1158  1157    56799.15985  4.9000e-14  1.0900e-15  15.5490  0.0242  -1
HST1158  1157    56800.02187  5.0300e-14  1.1000e-15  15.5206  0.0237  -1
HST1158  1157    56801.02666  4.9600e-14  1.0900e-15  15.5358  0.0239  -1
HST1158  1157    56802.02235  4.9100e-14  1.0900e-15  15.5468  0.0241  -1
HST1158  1157    56803.00813  4.8600e-14  1.0800e-15  15.5579  0.0241  -1
HST1158  1157    56804.99896  4.5200e-14  1.0500e-15  15.6367  0.0252  -1
HST1158  1157    56805.99439  4.5400e-14  1.0400e-15  15.6319  0.0249  -1
HST1158  1157    56807.12253  4.4300e-14  1.0300e-15  15.6585  0.0252  -1
HST1158  1157    56808.05161  4.6100e-14  1.0500e-15  15.6153  0.0247  -1
HST1158  1157    56809.11341  4.7800e-14  1.0700e-15  15.5760  0.0243  -1
HST1158  1157    56809.90978  4.6600e-14  1.0600e-15  15.6036  0.0247  -1
HST1158  1157    56810.83896  4.5300e-14  1.0500e-15  15.6343  0.0252  -1
HST1158  1157    56812.03350  4.9500e-14  1.0900e-15  15.5380  0.0239  -1
HST1158  1157    56812.96262  5.1400e-14  1.1100e-15  15.4971  0.0234  -1
HST1158  1157    56814.09081  5.2100e-14  1.1200e-15  15.4824  0.0233  -1
HST1158  1157    56814.88718  5.5700e-14  1.1600e-15  15.4099  0.0226  -1
HST1158  1157    56816.08171  5.7200e-14  1.1800e-15  15.3810  0.0224  -1
HST1158  1157    56816.94442  6.2000e-14  1.2400e-15  15.2936  0.0217  -1
HST1158  1157    56817.93400  6.8600e-14  1.3100e-15  15.1837  0.0207  -1
HST1158  1157    56818.93309  7.2500e-14  1.3400e-15  15.1237  0.0201  -1
HST1158  1157    56819.73592  7.1400e-14  1.3400e-15  15.1403  0.0204  -1
HST1158  1157    56820.99241  6.7500e-14  1.2900e-15  15.2013  0.0207  -1
HST1158  1157    56821.85505  6.4400e-14  1.2600e-15  15.2523  0.0212  -1
HST1158  1157    56822.79150  6.0600e-14  1.2200e-15  15.3184  0.0219  -1
HST1158  1157    56823.84572  5.9800e-14  1.2000e-15  15.3328  0.0218  -1
HST1158  1157    56824.64194  5.8100e-14  1.1800e-15  15.3641  0.0221  -1
HST1158  1157    56825.64643  5.3900e-14  1.1400e-15  15.4456  0.0230  -1
HST1158  1157    56826.89799  4.4000e-14  1.0300e-15  15.6659  0.0254  -1
HST1158  1157    56827.76806  4.3800e-14  1.0300e-15  15.6709  0.0255  -1
HST1158  1157    56828.49052  4.2300e-14  1.0200e-15  15.7087  0.0262  -1
HST1158  1157    56829.61860  3.8600e-14  9.6000e-16  15.8081  0.0270  -1
HST1158  1157    56830.48353  3.8900e-14  9.6000e-16  15.7997  0.0268  -1
HST1158  1157    56831.67871  4.2800e-14  1.0100e-15  15.6959  0.0256  -1
HST1158  1157    56832.27301  4.3300e-14  1.0200e-15  15.6833  0.0256  -1
HST1158  1157    56833.79952  4.9200e-14  1.0900e-15  15.5446  0.0241  -1
HST1158  1157    56834.79517  5.0300e-14  1.1100e-15  15.5206  0.0240  -1
HST1158  1157    56835.79091  4.5200e-14  1.0400e-15  15.6367  0.0250  -1
HST1158  1157    56836.21394  4.5500e-14  1.0400e-15  15.6295  0.0248  -1
HST1158  1157    56837.65062  4.5900e-14  1.0500e-15  15.6200  0.0248  -1
HST1158  1157    56838.18112  4.5300e-14  1.0400e-15  15.6343  0.0249  -1
HST1158  1157    56839.20259  4.6500e-14  1.0600e-15  15.6059  0.0248  -1
HST1158  1157    56840.13236  4.7900e-14  1.0800e-15  15.5737  0.0245  -1
HST1158  1157    56841.19482  4.5100e-14  1.0400e-15  15.6391  0.0250  -1
HST1158  1157    56842.19077  4.5400e-14  1.0400e-15  15.6319  0.0249  -1
HST1158  1157    56843.12021  4.3100e-14  1.0200e-15  15.6883  0.0257  -1
HST1158  1157    56844.18187  3.9700e-14  9.8000e-16  15.7776  0.0268  -1
HST1158  1157    56845.02099  3.9800e-14  9.8000e-16  15.7748  0.0267  -1
HST1158  1157    56846.10613  4.0200e-14  9.9000e-16  15.7640  0.0267  -1
HST1158  1157    56847.03525  3.8200e-14  9.6000e-16  15.8194  0.0273  -1
HST1158  1157    56848.03074  3.7900e-14  9.5000e-16  15.8279  0.0272  -1
HST1158  1157    56849.09252  3.7100e-14  9.5000e-16  15.8511  0.0278  -1
HST1158  1157    56849.99930  3.3100e-14  9.0000e-16  15.9750  0.0295  -1
HST1158  1157    56850.93055  3.1600e-14  8.8000e-16  16.0253  0.0302  -1
HST1158  1157    56851.92380  3.1600e-14  8.9000e-16  16.0253  0.0306  -1
HST1158  1157    56852.91905  3.2800e-14  9.0000e-16  15.9849  0.0298  -1
HST1158  1157    56854.05049  3.0700e-14  8.7000e-16  16.0567  0.0308  -1
HST1158  1157    56855.04556  3.3200e-14  9.0000e-16  15.9717  0.0294  -1
HST1158  1157    56856.17252  3.7500e-14  9.5000e-16  15.8395  0.0275  -1
HST1158  1157    56857.16738  4.3800e-14  1.0300e-15  15.6709  0.0255  -1
HST1158  1157    56858.09334  4.7500e-14  1.0800e-15  15.5828  0.0247  -1
HST1158  1157    56858.89082  4.4000e-14  1.0200e-15  15.6659  0.0252  -1
HST1158  1157    56860.08301  4.1400e-14  1.0000e-15  15.7320  0.0262  -1
HST1158  1157    56860.94776  4.1000e-14  1.0000e-15  15.7426  0.0265  -1
HST1158  1157    56861.81035  3.8400e-14  9.6000e-16  15.8137  0.0271  -1
HST1158  1157    56862.87203  3.7000e-14  9.5000e-16  15.8540  0.0279  -1
HST1158  1157    56863.86737  4.1800e-14  1.0100e-15  15.7216  0.0262  -1
HST1158  1157    56864.86270  4.3200e-14  1.0200e-15  15.6858  0.0256  -1
HST1158  1157    56865.92441  5.0600e-14  1.1000e-15  15.5142  0.0236  -1