V        5404    56691.62226  1.2916e-14  3.3940e-17  13.6507  0.0029  1
V        5404    56692.87101  1.3015e-14  1.1448e-16  13.6424  0.0096  4
V        5404    56693.82884  1.2926e-14  4.9648e-17  13.6499  0.0042  4
V        5404    56693.89079  1.3128e-14  7.8165e-17  13.6331  0.0065  2
V        5404    56697.55422  1.3340e-14  6.8248e-17  13.6157  0.0056  1
V        5404    56697.82079  1.3304e-14  5.0462e-17  13.6186  0.0041  4
V        5404    56697.83250  1.3275e-14  8.1106e-17  13.6210  0.0066  2
V        5404    56698.52913  1.3372e-14  3.9742e-17  13.6131  0.0032  1
V        5404    56699.46554  1.3480e-14  3.1266e-17  13.6043  0.0025  1
V        5404    56700.49535  1.3461e-14  3.3659e-17  13.6059  0.0027  1
V        5404    56700.99825  1.3684e-14  2.3240e-16  13.5880  0.0184  3
V        5404    56701.03500  1.3498e-14  5.5328e-17  13.6029  0.0045  7
V        5404    56701.55568  1.3462e-14  2.3048e-17  13.6058  0.0019  1
V        5404    56701.81640  1.3487e-14  3.5889e-17  13.6038  0.0029  4
V        5404    56701.82560  1.3423e-14  5.3838e-17  13.6089  0.0044  2
V        5404    56701.97780  1.3657e-14  2.6880e-16  13.5902  0.0214  3
V        5404    56702.53063  1.3479e-14  2.8322e-17  13.6044  0.0023  1
V        5404    56702.80790  1.3469e-14  3.5630e-17  13.6052  0.0029  4
V        5404    56703.85550  1.3542e-14  6.9003e-17  13.5993  0.0055  2
V        5404    56704.79649  1.3734e-14  4.3926e-17  13.5841  0.0035  4
V        5404    56705.85883  1.3553e-14  4.9159e-17  13.5985  0.0039  4
V        5404    56706.84653  1.3620e-14  4.8569e-17  13.5931  0.0039  4
V        5404    56707.00720  1.3484e-14  3.5060e-17  13.6040  0.0028  7
V        5404    56707.88099  1.3807e-14  5.7964e-17  13.5783  0.0046  2
V        5404    56708.00481  1.3554e-14  3.2078e-17  13.5984  0.0026  7
V        5404    56708.62443  1.3492e-14  3.5231e-17  13.6034  0.0028  1
V        5404    56708.88640  1.3725e-14  2.7551e-16  13.5848  0.0218  3
V        5404    56708.92011  1.3251e-14  8.9579e-17  13.6229  0.0073  10
V        5404    56709.00386  1.3480e-14  3.0869e-17  13.6043  0.0025  7
V        5404    56709.58949  1.3372e-14  2.6157e-17  13.6131  0.0021  1
V        5404    56709.81150  1.3395e-14  3.6601e-17  13.6112  0.0030  4
V        5404    56709.85646  1.3528e-14  5.4787e-17  13.6005  0.0044  2
V        5404    56709.96162  1.3615e-14  5.1558e-17  13.5935  0.0041  10
V        5404    56710.00608  1.3274e-14  3.2491e-17  13.6210  0.0027  7
V        5404    56710.47224  1.3308e-14  3.7517e-17  13.6183  0.0031  1
V        5404    56710.92726  1.3328e-14  2.2782e-16  13.6166  0.0186  3
V        5404    56711.00907  1.3038e-14  5.8200e-17  13.6405  0.0048  10
V        5404    56711.79904  1.3381e-14  8.1593e-17  13.6123  0.0066  4
V        5404    56711.89090  1.3472e-14  3.4579e-16  13.6050  0.0279  3
V        5404    56712.00111  1.3301e-14  5.2106e-17  13.6188  0.0043  10
V        5404    56712.20821  1.3331e-14  7.2942e-17  13.6164  0.0059  15
V        5404    56712.91193  1.3439e-14  3.0065e-16  13.6076  0.0243  3
V        5404    56713.19762  1.3173e-14  6.8688e-17  13.6293  0.0057  16
V        5404    56713.81538  1.3168e-14  5.8476e-17  13.6297  0.0048  4
V        5404    56714.21081  1.3016e-14  1.1241e-16  13.6424  0.0094  16
V        5404    56714.45903  1.2988e-14  3.5496e-17  13.6447  0.0030  1
V        5404    56715.02663  1.3066e-14  4.8060e-17  13.6382  0.0040  7
V        5404    56715.54025  1.3198e-14  7.6388e-17  13.6273  0.0063  11
V        5404    56715.81971  1.2902e-14  7.9930e-17  13.6519  0.0067  4
V        5404    56715.89472  1.2620e-14  6.4742e-17  13.6759  0.0056  2
V        5404    56716.00845  1.2929e-14  5.0264e-17  13.6496  0.0042  7
V        5404    56716.84624  1.2957e-14  8.9603e-17  13.6473  0.0075  4
V        5404    56716.91669  1.2496e-14  5.8402e-17  13.6866  0.0051  2
V        5404    56717.90183  1.2463e-14  6.5271e-17  13.6895  0.0057  2
V        5404    56718.46525  1.2464e-14  4.6730e-17  13.6894  0.0041  1
V        5404    56722.93956  1.1669e-14  9.7179e-17  13.7610  0.0090  2
V        5404    56723.44704  1.1586e-14  4.1934e-17  13.7687  0.0039  1
V        5404    56723.87681  1.1550e-14  1.0313e-16  13.7721  0.0097  2
V        5404    56725.85614  1.1526e-14  9.3364e-17  13.7744  0.0088  6
V        5404    56727.44960  1.1572e-14  3.7123e-17  13.7700  0.0035  1
V        5404    56729.82751  1.1870e-14  1.0180e-16  13.7424  0.0093  2
V        5404    56730.87228  1.1873e-14  9.0512e-17  13.7421  0.0083  2
V        5404    56730.91885  1.1930e-14  9.5081e-17  13.7369  0.0087  6
V        5404    56731.87819  1.1849e-14  2.9290e-16  13.7443  0.0268  3
V        5404    56731.89093  1.2099e-14  1.1340e-16  13.7217  0.0102  10
V        5404    56732.49732  1.2056e-14  2.5845e-17  13.7255  0.0023  1
V        5404    56733.03934  1.1503e-14  2.5934e-16  13.7765  0.0245  3
V        5404    56733.81337  1.1726e-14  9.1736e-17  13.7557  0.0085  10
V        5404    56734.87490  1.2002e-14  9.0500e-17  13.7304  0.0082  2
V        5404    56734.93954  1.2279e-14  1.1022e-16  13.7056  0.0097  10
V        5404    56735.77574  1.2660e-14  4.8115e-17  13.6725  0.0041  2
V        5404    56735.94263  1.2559e-14  3.3219e-17  13.6812  0.0029  7
V        5404    56737.43270  1.2630e-14  1.9183e-17  13.6750  0.0016  1
V        5404    56738.44405  1.2825e-14  2.7635e-17  13.6584  0.0023  1
V        5404    56738.99077  1.3007e-14  3.6749e-17  13.6431  0.0031  4
V        5404    56739.92102  1.3332e-14  8.6062e-17  13.6163  0.0070  6
V        5404    56739.92692  1.3340e-14  3.9549e-17  13.6157  0.0032  7
V        5404    56739.95124  1.3337e-14  2.9216e-16  13.6159  0.0238  3
V        5404    56740.97243  1.3431e-14  5.8499e-17  13.6083  0.0047  4
V        5404    56741.73763  1.3660e-14  5.4316e-17  13.5899  0.0043  2
V        5404    56741.87938  1.3491e-14  8.3328e-17  13.6034  0.0067  6
V        5404    56741.91613  1.3509e-14  4.9037e-17  13.6020  0.0039  7
V        5404    56741.95456  1.3447e-14  8.0607e-17  13.6070  0.0065  4
V        5404    56742.44415  1.3660e-14  4.3412e-17  13.5899  0.0035  1
V        5404    56742.91724  1.3529e-14  6.5057e-17  13.6004  0.0052  10
V        5404    56742.99643  1.3745e-14  6.8076e-17  13.5832  0.0054  4
V        5404    56744.43787  1.3954e-14  4.2349e-17  13.5668  0.0033  1
V        5404    56744.51056  1.3805e-14  7.4291e-17  13.5785  0.0058  14
V        5404    56744.93717  1.3925e-14  5.2984e-17  13.5691  0.0041  7
V        5404    56744.99568  1.4010e-14  6.5568e-17  13.5625  0.0051  4
V        5404    56745.80353  1.4134e-14  6.5152e-17  13.5529  0.0050  2
V        5404    56745.86784  1.4079e-14  4.7798e-17  13.5571  0.0037  7
V        5404    56746.69823  1.4183e-14  8.3507e-17  13.5491  0.0064  2
V        5404    56748.46653  1.4361e-14  3.7938e-17  13.5356  0.0029  1
V        5404    56750.38294  1.4405e-14  3.4363e-17  13.5323  0.0026  1
V        5404    56752.40920  1.4113e-14  4.0726e-17  13.5545  0.0031  1
V        5404    56753.31809  1.3975e-14  2.8203e-17  13.5652  0.0022  1
V        5404    56753.49783  1.3775e-14  1.0844e-16  13.5808  0.0085  14
V        5404    56753.93723  1.3800e-14  5.2644e-17  13.5788  0.0041  7
V        5404    56753.98618  1.3695e-14  1.6217e-16  13.5871  0.0129  3
V        5404    56754.36599  1.3593e-14  3.0401e-17  13.5953  0.0024  1
V        5404    56754.98449  1.3435e-14  2.5901e-16  13.6080  0.0209  3
V        5404    56755.42016  1.3508e-14  3.3019e-17  13.6021  0.0027  1
V        5404    56755.52628  1.3526e-14  8.9639e-17  13.6006  0.0072  11
V        5404    56755.87897  1.3509e-14  8.8153e-17  13.6020  0.0071  6
V        5404    56756.72951  1.3723e-14  5.3865e-17  13.5849  0.0043  2
V        5404    56756.93335  1.3581e-14  4.8345e-17  13.5962  0.0039  7
V        5404    56756.97733  1.3783e-14  3.5785e-16  13.5802  0.0282  3
V        5404    56757.33825  1.3458e-14  1.7746e-17  13.6061  0.0014  1
V        5404    56757.43267  1.3627e-14  8.6038e-17  13.5925  0.0069  11
V        5404    56757.95782  1.3677e-14  2.0351e-16  13.5886  0.0162  3
V        5404    56758.47171  1.3423e-14  7.2538e-17  13.6089  0.0059  1
V        5404    56758.50554  1.3340e-14  5.9941e-17  13.6157  0.0049  14
V        5404    56758.88531  1.3447e-14  8.4030e-17  13.6070  0.0068  6
V        5404    56758.97678  1.3535e-14  1.0164e-16  13.5999  0.0082  4
V        5404    56759.92371  1.3569e-14  2.3958e-16  13.5972  0.0192  3
V        5404    56760.57987  1.3436e-14  9.7197e-17  13.6079  0.0079  11
V        5404    56760.93829  1.3262e-14  3.5314e-16  13.6220  0.0289  3
V        5404    56761.51975  1.3501e-14  9.0655e-17  13.6026  0.0073  11
V        5404    56762.79873  1.3461e-14  6.0227e-17  13.6059  0.0049  2
V        5404    56765.93817  1.3461e-14  3.3987e-16  13.6059  0.0274  3
V        5404    56766.37680  1.3284e-14  1.8817e-17  13.6202  0.0015  1
V        5404    56766.79603  1.3143e-14  9.2455e-17  13.6318  0.0076  10
V        5404    56766.93552  1.3743e-14  5.0313e-16  13.5833  0.0397  3
V        5404    56767.01315  1.3149e-14  8.0411e-17  13.6313  0.0066  15
V        5404    56767.87074  1.3192e-14  7.1700e-17  13.6278  0.0059  10
V        5404    56767.89266  1.3304e-14  5.2311e-17  13.6186  0.0043  7
V        5404    56767.94070  1.3150e-14  2.1638e-16  13.6312  0.0179  3
V        5404    56767.98214  1.3320e-14  5.0410e-17  13.6173  0.0041  4
V        5404    56768.33497  1.3282e-14  4.0176e-17  13.6204  0.0033  1
V        5404    56768.83934  1.3465e-14  6.0648e-17  13.6055  0.0049  10
V        5404    56768.96374  1.3596e-14  3.3962e-16  13.5950  0.0271  3
V        5404    56769.25698  1.3387e-14  4.9062e-17  13.6118  0.0040  1
V        5404    56769.86300  1.3582e-14  4.5895e-17  13.5961  0.0037  7
V        5404    56769.95002  1.3541e-14  8.5384e-17  13.5994  0.0068  4
V        5404    56770.27989  1.3525e-14  8.5955e-17  13.6007  0.0069  5
V        5404    56770.67784  1.3663e-14  6.2835e-17  13.5897  0.0050  2
V        5404    56770.94507  1.3552e-14  8.1350e-17  13.5985  0.0065  4
V        5404    56771.81506  1.3759e-14  4.7685e-17  13.5821  0.0038  7
V        5404    56772.46030  1.3663e-14  8.9764e-17  13.5897  0.0071  11
V        5404    56772.92254  1.3807e-14  1.0976e-16  13.5783  0.0086  4
V        5404    56773.24453  1.3796e-14  4.1614e-17  13.5792  0.0033  1
V        5404    56773.68983  1.3930e-14  5.8436e-17  13.5687  0.0046  2
V        5404    56774.27225  1.3847e-14  4.6729e-17  13.5752  0.0037  1
V        5404    56774.27310  1.3947e-14  9.6912e-17  13.5673  0.0075  5
V        5404    56774.65979  1.3935e-14  6.2883e-17  13.5683  0.0049  8
V        5404    56775.27574  1.3905e-14  5.4211e-17  13.5706  0.0042  1
V        5404    56775.29497  1.3945e-14  1.1670e-16  13.5675  0.0091  5
V        5404    56775.99862  1.3863e-14  1.0846e-16  13.5739  0.0085  15
V        5404    56776.25723  1.3858e-14  4.6827e-17  13.5743  0.0037  1
V        5404    56777.25371  1.3800e-14  4.5377e-17  13.5788  0.0036  1
V        5404    56777.69865  1.3743e-14  5.8751e-17  13.5833  0.0046  2
V        5404    56777.93899  1.3753e-14  7.7410e-17  13.5826  0.0061  4
V        5404    56778.25389  1.3797e-14  5.0770e-17  13.5791  0.0040  1
V        5404    56779.28349  1.3770e-14  4.7289e-17  13.5812  0.0037  1
V        5404    56779.78602  1.3711e-14  1.4531e-16  13.5859  0.0115  6
V        5404    56779.91881  1.3528e-14  2.4020e-16  13.6005  0.0193  3
V        5404    56779.92352  1.3726e-14  8.5337e-17  13.5847  0.0068  4
V        5404    56780.22741  1.3885e-14  9.7672e-17  13.5722  0.0076  5
V        5404    56780.26593  1.3756e-14  4.8822e-17  13.5823  0.0039  1
V        5404    56780.66161  1.3867e-14  5.8075e-17  13.5736  0.0045  2
V        5404    56780.79391  1.3784e-14  5.0084e-17  13.5801  0.0039  7
V        5404    56780.83500  1.3809e-14  8.6531e-17  13.5781  0.0068  6
V        5404    56780.95307  1.3817e-14  9.5931e-17  13.5775  0.0075  4
V        5404    56781.24960  1.3740e-14  4.2705e-17  13.5836  0.0034  1
V        5404    56781.69734  1.3836e-14  5.8812e-17  13.5760  0.0046  2
V        5404    56781.73245  1.3764e-14  5.5900e-17  13.5817  0.0044  8
V        5404    56781.95313  1.3693e-14  1.3448e-16  13.5873  0.0107  4
V        5404    56782.39884  1.3729e-14  5.8877e-17  13.5844  0.0047  1
V        5404    56782.70281  1.3773e-14  5.3601e-17  13.5810  0.0042  8
V        5404    56783.28230  1.3675e-14  7.8533e-17  13.5887  0.0062  5
V        5404    56783.63788  1.3724e-14  5.7689e-17  13.5848  0.0046  2
V        5404    56783.65769  1.3691e-14  5.0301e-17  13.5875  0.0040  8
V        5404    56783.88948  1.3707e-14  1.2399e-16  13.5862  0.0098  4
V        5404    56784.64367  1.3824e-14  5.4921e-17  13.5770  0.0043  8
V        5404    56784.88003  1.3779e-14  6.6715e-17  13.5805  0.0053  4
V        5404    56785.63644  1.3996e-14  6.5604e-17  13.5635  0.0051  8
V        5404    56785.87493  1.3928e-14  6.6786e-17  13.5688  0.0052  7
V        5404    56785.92903  1.3911e-14  9.3857e-17  13.5702  0.0073  4
V        5404    56786.76923  1.3852e-14  3.5248e-17  13.5748  0.0028  7
V        5404    56786.94235  1.3560e-14  6.9573e-17  13.5979  0.0056  4
V        5404    56787.26931  1.3832e-14  5.7162e-17  13.5763  0.0045  5
V        5404    56787.82769  1.3766e-14  3.2015e-17  13.5815  0.0025  7
V        5404    56787.91521  1.3724e-14  1.3669e-16  13.5848  0.0108  4
V        5404    56788.25572  1.3829e-14  6.1468e-17  13.5766  0.0048  5
V        5404    56788.66999  1.3824e-14  5.4235e-17  13.5770  0.0043  2
V        5404    56788.83197  1.3783e-14  3.0632e-17  13.5802  0.0024  7
V        5404    56789.21464  1.3636e-14  6.5610e-17  13.5918  0.0052  5
V        5404    56789.43900  1.3774e-14  8.8890e-17  13.5809  0.0070  11
V        5404    56789.69919  1.3707e-14  4.9077e-17  13.5862  0.0039  8
V        5404    56789.83302  1.3750e-14  2.6838e-16  13.5828  0.0212  3
V        5404    56789.93702  1.3681e-14  4.8667e-17  13.5883  0.0039  4
V        5404    56790.28242  1.3509e-14  4.4785e-17  13.6020  0.0036  5
V        5404    56790.35273  1.3611e-14  7.0892e-17  13.5938  0.0057  14
V        5404    56791.77294  1.3676e-14  8.2408e-17  13.5886  0.0065  6
V        5404    56791.92149  1.3482e-14  4.9296e-17  13.6042  0.0040  4
V        5404    56792.67079  1.3531e-14  5.0591e-17  13.6002  0.0041  2
V        5404    56792.92481  1.3594e-14  6.2627e-17  13.5952  0.0050  4
V        5404    56793.56782  1.3627e-14  1.5681e-16  13.5925  0.0125  13
V        5404    56793.65918  1.3738e-14  5.3303e-17  13.5837  0.0042  2
V        5404    56793.76694  1.3749e-14  4.6879e-17  13.5829  0.0037  8
V        5404    56793.85033  1.3775e-14  2.6903e-17  13.5808  0.0021  7
V        5404    56793.88441  1.3728e-14  1.8634e-16  13.5845  0.0147  3
V        5404    56794.66711  1.3723e-14  5.3666e-17  13.5849  0.0042  2
V        5404    56794.87513  1.3841e-14  2.7585e-16  13.5756  0.0216  3
V        5404    56795.31253  1.3745e-14  7.8112e-17  13.5832  0.0062  14
V        5404    56795.33440  1.3616e-14  2.7357e-17  13.5934  0.0022  1
V        5404    56795.63368  1.3674e-14  6.1207e-17  13.5888  0.0049  2
V        5404    56795.78421  1.3711e-14  3.4213e-17  13.5859  0.0027  7
V        5404    56795.88222  1.3394e-14  2.8858e-16  13.6113  0.0234  3
V        5404    56795.91773  1.3600e-14  4.2821e-17  13.5947  0.0034  4
V        5404    56796.30580  1.3610e-14  6.4659e-17  13.5939  0.0052  1
V        5404    56796.66910  1.3681e-14  6.1379e-17  13.5883  0.0049  2
V        5404    56796.90208  1.3624e-14  4.8217e-17  13.5928  0.0038  4
V        5404    56797.54744  1.3694e-14  1.6301e-16  13.5872  0.0129  13
V        5404    56797.72321  1.3790e-14  5.4420e-17  13.5796  0.0043  8
V        5404    56797.78014  1.3628e-14  8.6234e-17  13.5925  0.0069  6
V        5404    56797.80541  1.3770e-14  5.3755e-17  13.5812  0.0042  7
V        5404    56798.63960  1.3794e-14  6.3227e-17  13.5793  0.0050  2
V        5404    56798.64410  1.3794e-14  5.6267e-17  13.5793  0.0044  8
V        5404    56798.77223  1.3784e-14  9.1392e-17  13.5801  0.0072  6
V        5404    56798.79282  1.3790e-14  5.2155e-17  13.5796  0.0041  7
V        5404    56798.79355  1.3581e-14  7.3275e-17  13.5962  0.0059  10
V        5404    56799.65095  1.3753e-14  6.5277e-17  13.5826  0.0052  2
V        5404    56799.67215  1.3681e-14  5.0932e-17  13.5883  0.0040  8
V        5404    56799.68507  1.3752e-14  9.1570e-17  13.5826  0.0072  6
V        5404    56799.77192  1.3756e-14  5.0314e-17  13.5823  0.0040  7
V        5404    56799.78915  1.3703e-14  5.3244e-17  13.5865  0.0042  10
V        5404    56799.84835  1.3758e-14  2.2116e-16  13.5822  0.0175  3
V        5404    56800.24098  1.3715e-14  7.3715e-17  13.5856  0.0058  5
V        5404    56800.37819  1.3665e-14  3.3111e-17  13.5895  0.0026  1
V        5404    56800.65409  1.3722e-14  5.1900e-17  13.5850  0.0041  8
V        5404    56800.74525  1.3744e-14  8.8254e-17  13.5833  0.0070  6
V        5404    56800.86929  1.3604e-14  2.5704e-16  13.5944  0.0205  3
V        5404    56800.87271  1.3590e-14  5.7796e-17  13.5955  0.0046  10
V        5404    56800.93940  1.3792e-14  1.2511e-16  13.5795  0.0098  15
V        5404    56801.26451  1.3591e-14  8.9859e-17  13.5954  0.0072  5
V        5404    56801.42282  1.3724e-14  3.4800e-17  13.5848  0.0028  1
V        5404    56801.70601  1.3708e-14  6.7018e-17  13.5861  0.0053  2
V        5404    56801.71370  1.3674e-14  5.2076e-17  13.5888  0.0041  8
V        5404    56801.84161  1.3795e-14  4.9688e-17  13.5792  0.0039  7
V        5404    56801.95353  1.3801e-14  1.5074e-16  13.5788  0.0119  15
V        5404    56802.30494  1.3554e-14  9.3418e-17  13.5984  0.0075  5
V        5404    56802.35474  1.3722e-14  4.5033e-17  13.5850  0.0036  1
V        5404    56802.84988  1.3428e-14  2.1998e-16  13.6085  0.0178  3
V        5404    56802.88462  1.3812e-14  1.0211e-16  13.5779  0.0080  4
V        5404    56803.32685  1.3758e-14  7.3988e-17  13.5822  0.0058  5
V        5404    56803.36872  1.3674e-14  4.6999e-17  13.5888  0.0037  1
V        5404    56803.74058  1.3764e-14  5.0049e-17  13.5817  0.0039  7
V        5404    56803.84495  1.3644e-14  2.9975e-16  13.5912  0.0239  3
V        5404    56803.89132  1.3792e-14  1.2749e-16  13.5795  0.0100  4
V        5404    56804.25645  1.3611e-14  6.9258e-17  13.5938  0.0055  5
V        5404    56804.39505  1.3700e-14  2.9551e-17  13.5867  0.0023  1
V        5404    56804.77104  1.3782e-14  7.2889e-17  13.5803  0.0057  7
V        5404    56804.83829  1.3662e-14  1.9254e-16  13.5898  0.0153  3
V        5404    56805.20274  1.3772e-14  9.4701e-17  13.5811  0.0075  5
V        5404    56805.53784  1.3634e-14  1.5812e-16  13.5920  0.0126  13
V        5404    56805.79256  1.3739e-14  4.4032e-17  13.5837  0.0035  7
V        5404    56805.86049  1.3639e-14  2.9407e-16  13.5916  0.0234  3
V        5404    56806.68272  1.3728e-14  6.8290e-17  13.5845  0.0054  2
V        5404    56806.84127  1.3720e-14  3.0215e-16  13.5852  0.0239  3
V        5404    56806.87802  1.3747e-14  9.9960e-17  13.5830  0.0079  4
V        5404    56807.69170  1.3779e-14  6.8201e-17  13.5805  0.0054  2
V        5404    56807.86497  1.3631e-14  1.7940e-16  13.5922  0.0143  3
V        5404    56808.83005  1.3696e-14  2.3198e-16  13.5871  0.0184  3
V        5404    56809.65950  1.3907e-14  5.9947e-17  13.5705  0.0047  2
V        5404    56809.83977  1.3467e-14  2.8820e-16  13.6054  0.0232  3
V        5404    56810.33061  1.3789e-14  7.0161e-17  13.5797  0.0055  1
V        5404    56810.54012  1.3849e-14  1.7907e-16  13.5750  0.0140  13
V        5404    56810.64144  1.3913e-14  5.9442e-17  13.5700  0.0046  2
V        5404    56810.79568  1.3816e-14  2.0840e-16  13.5776  0.0164  3
V        5404    56811.33046  1.3809e-14  4.2115e-17  13.5781  0.0033  1
V        5404    56811.70043  1.3891e-14  6.4350e-17  13.5717  0.0050  2
V        5404    56812.65419  1.3849e-14  6.2972e-17  13.5750  0.0049  8
V        5404    56812.70955  1.3840e-14  6.3394e-17  13.5757  0.0050  2
V        5404    56812.88843  1.3829e-14  8.5367e-17  13.5766  0.0067  6
V        5404    56813.71037  1.3910e-14  5.9256e-17  13.5702  0.0046  8
V        5404    56813.73092  1.3868e-14  6.8236e-17  13.5735  0.0053  2
V        5404    56813.76487  1.3860e-14  8.3673e-17  13.5741  0.0066  6
V        5404    56814.66602  1.3928e-14  6.3221e-17  13.5688  0.0049  2
V        5404    56814.71878  1.3947e-14  8.5586e-17  13.5673  0.0067  6
V        5404    56814.76654  1.3818e-14  8.7613e-17  13.5774  0.0069  4
V        5404    56815.40007  1.4064e-14  3.9732e-17  13.5583  0.0031  1
V        5404    56815.64647  1.4091e-14  6.0221e-17  13.5562  0.0046  2
V        5404    56815.81091  1.4064e-14  8.7731e-17  13.5583  0.0068  4
V        5404    56816.67696  1.4255e-14  8.7506e-17  13.5436  0.0067  4
V        5404    56816.73004  1.4043e-14  5.4766e-17  13.5599  0.0042  2
V        5404    56817.32662  1.4303e-14  8.6781e-17  13.5400  0.0066  5
V        5404    56817.38541  1.4280e-14  3.1016e-17  13.5417  0.0024  1
V        5404    56818.29284  1.4372e-14  8.3655e-17  13.5348  0.0063  5
V        5404    56818.30927  1.4593e-14  2.7926e-17  13.5182  0.0021  1
V        5404    56818.62851  1.4522e-14  7.1968e-17  13.5235  0.0054  4
V        5404    56818.80952  1.4665e-14  9.8153e-17  13.5128  0.0073  6
V        5404    56819.26963  1.4654e-14  1.3555e-16  13.5137  0.0100  14
V        5404    56819.29232  1.4906e-14  1.0717e-16  13.4951  0.0078  5
V        5404    56819.71156  1.4803e-14  1.0064e-16  13.5027  0.0074  2
V        5404    56819.81719  1.4911e-14  7.1611e-17  13.4948  0.0052  4
V        5404    56820.74132  1.4901e-14  9.0174e-17  13.4955  0.0066  6
V        5404    56820.77850  1.5003e-14  3.0815e-16  13.4881  0.0223  3
V        5404    56820.80255  1.4904e-14  8.7232e-17  13.4953  0.0064  4
V        5404    56821.32277  1.4987e-14  1.1388e-16  13.4893  0.0083  14
V        5404    56821.35255  1.4895e-14  2.5167e-17  13.4959  0.0018  1
V        5404    56821.74935  1.4662e-14  2.6224e-16  13.5131  0.0194  3
V        5404    56822.30869  1.4688e-14  4.6507e-17  13.5111  0.0034  1
V        5404    56822.67602  1.4814e-14  1.0671e-16  13.5019  0.0078  2
V        5404    56823.34616  1.4730e-14  3.7618e-17  13.5080  0.0028  1
V        5404    56823.74657  1.4734e-14  2.9445e-16  13.5077  0.0217  3
V        5404    56824.39947  1.4702e-14  3.0449e-17  13.5101  0.0022  1
V        5404    56824.73701  1.4709e-14  2.7305e-16  13.5096  0.0202  3
V        5404    56825.37379  1.4637e-14  3.3362e-17  13.5149  0.0025  1
V        5404    56825.75026  1.4480e-14  9.3566e-17  13.5266  0.0070  8
V        5404    56826.64786  1.4180e-14  9.0934e-17  13.5494  0.0070  8
V        5404    56826.65920  1.4233e-14  2.0881e-16  13.5453  0.0159  13
V        5404    56826.68166  1.4147e-14  6.7612e-17  13.5519  0.0052  2
V        5404    56827.39605  1.4199e-14  4.3768e-17  13.5479  0.0033  1
V        5404    56827.61224  1.4090e-14  1.9646e-16  13.5563  0.0151  13
V        5404    56827.66844  1.4270e-14  1.1259e-16  13.5425  0.0086  8
V        5404    56827.77405  1.4092e-14  8.8231e-17  13.5561  0.0068  6
V        5404    56828.29554  1.4150e-14  1.2100e-16  13.5517  0.0093  5
V        5404    56828.78045  1.4112e-14  8.4499e-17  13.5546  0.0065  6
V        5404    56829.27609  1.3952e-14  1.9085e-16  13.5670  0.0149  5
V        5404    56829.30462  1.4059e-14  6.1908e-17  13.5587  0.0048  1
V        5404    56829.74715  1.3971e-14  1.3644e-16  13.5655  0.0106  9
V        5404    56829.74886  1.3745e-14  5.0278e-17  13.5832  0.0040  8
V        5404    56830.24214  1.3956e-14  1.3842e-16  13.5666  0.0108  14
V        5404    56830.30394  1.4003e-14  1.0476e-16  13.5630  0.0081  5
V        5404    56830.76769  1.3954e-14  5.2657e-17  13.5668  0.0041  10
V        5404    56831.27387  1.4004e-14  1.2263e-16  13.5629  0.0095  5
V        5404    56831.28128  1.3797e-14  7.0548e-17  13.5791  0.0056  1
V        5404    56831.62063  1.3797e-14  1.7446e-16  13.5791  0.0137  13
V        5404    56832.26813  1.3775e-14  1.0956e-16  13.5808  0.0086  5
V        5404    56832.27471  1.3788e-14  7.2348e-17  13.5798  0.0057  1
V        5404    56832.48332  1.3874e-14  1.8162e-16  13.5730  0.0142  13
V        5404    56832.81541  1.3973e-14  8.3418e-17  13.5653  0.0065  6
V        5404    56833.48159  1.3831e-14  1.7626e-16  13.5764  0.0138  13
V        5404    56833.73859  1.3906e-14  2.1709e-16  13.5705  0.0169  3
V        5404    56833.82215  1.3821e-14  8.4434e-17  13.5772  0.0066  6
V        5404    56834.32497  1.3824e-14  7.4214e-17  13.5770  0.0058  1
V        5404    56834.66259  1.3851e-14  5.6076e-17  13.5748  0.0044  8
V        5404    56835.38083  1.3768e-14  3.5494e-17  13.5814  0.0028  1
V        5404    56835.71455  1.3733e-14  2.7463e-16  13.5841  0.0217  3
V        5404    56836.31307  1.3756e-14  4.8970e-17  13.5823  0.0039  1
V        5404    56836.62368  1.3788e-14  1.7179e-16  13.5798  0.0135  13
V        5404    56836.70019  1.3605e-14  5.5677e-17  13.5943  0.0044  2
V        5404    56836.72459  1.3916e-14  2.1277e-16  13.5698  0.0166  3
V        5404    56836.81204  1.3778e-14  1.2697e-16  13.5806  0.0100  9
V        5404    56837.31374  1.3739e-14  4.8240e-17  13.5837  0.0038  1
V        5404    56837.62027  1.3859e-14  1.7927e-16  13.5742  0.0140  13
V        5404    56837.65243  1.3744e-14  5.6353e-17  13.5833  0.0045  2
V        5404    56837.71889  1.3680e-14  1.8514e-16  13.5883  0.0147  9
V        5404    56837.76990  1.3859e-14  9.6745e-17  13.5742  0.0076  6
V        5404    56838.29949  1.3979e-14  1.2039e-16  13.5649  0.0094  5
V        5404    56838.62409  1.3857e-14  5.8049e-17  13.5744  0.0045  2
V        5404    56838.75443  1.3610e-14  2.1287e-16  13.5939  0.0170  3
V        5404    56838.77249  1.3808e-14  8.7214e-17  13.5782  0.0069  6
V        5404    56839.34175  1.3789e-14  3.3839e-17  13.5797  0.0027  1
V        5404    56839.47767  1.3825e-14  1.7540e-16  13.5769  0.0138  13
V        5404    56839.61735  1.3799e-14  5.4273e-17  13.5789  0.0043  2
V        5404    56839.69027  1.3870e-14  5.1112e-17  13.5734  0.0040  10
V        5404    56839.72196  1.3744e-14  4.2714e-16  13.5833  0.0337  3
V        5404    56839.75460  1.3801e-14  9.3899e-17  13.5788  0.0074  6
V        5404    56840.25543  1.3708e-14  1.0112e-16  13.5861  0.0080  5
V        5404    56840.60956  1.4005e-14  2.5010e-16  13.5628  0.0194  12
V        5404    56840.65820  1.3846e-14  6.0476e-17  13.5752  0.0047  2
V        5404    56840.69592  1.3875e-14  5.7907e-17  13.5730  0.0045  10
V        5404    56840.71376  1.3753e-14  2.6081e-16  13.5826  0.0206  3
V        5404    56840.77846  1.3917e-14  8.6240e-17  13.5697  0.0067  6
V        5404    56841.65783  1.3786e-14  5.3893e-17  13.5800  0.0042  2
V        5404    56841.72252  1.3807e-14  1.8952e-16  13.5783  0.0149  3
V        5404    56841.83064  1.3866e-14  8.6008e-17  13.5737  0.0067  6
V        5404    56842.47040  1.3824e-14  1.7307e-16  13.5770  0.0136  13
V        5404    56844.35881  1.3669e-14  2.0477e-17  13.5892  0.0016  1
V        5404    56844.68909  1.3672e-14  5.4906e-17  13.5890  0.0044  2
V        5404    56844.72160  1.3902e-14  1.8153e-16  13.5709  0.0142  3
V        5404    56845.27055  1.3633e-14  7.4113e-17  13.5921  0.0059  5
V        5404    56845.27778  1.3557e-14  2.0551e-17  13.5981  0.0016  1
V        5404    56845.59875  1.3446e-14  2.5227e-16  13.6071  0.0204  12
V        5404    56845.72644  1.3597e-14  2.0087e-16  13.5949  0.0160  3
V        5404    56846.22088  1.3734e-14  8.1665e-17  13.5841  0.0065  5
V        5404    56846.23839  1.3542e-14  8.2663e-17  13.5993  0.0066  11
V        5404    56846.33736  1.3607e-14  1.4550e-17  13.5941  0.0012  1
V        5404    56846.63741  1.3618e-14  5.4481e-17  13.5933  0.0043  2
V        5404    56846.78517  1.3526e-14  8.3406e-17  13.6006  0.0067  6
V        5404    56847.25429  1.3568e-14  6.2722e-17  13.5973  0.0050  5
V        5404    56847.65788  1.3426e-14  5.4332e-17  13.6087  0.0044  2
V        5404    56848.28878  1.3465e-14  3.8539e-17  13.6055  0.0031  1
V        5404    56848.63379  1.3404e-14  5.7355e-17  13.6105  0.0046  2
V        5404    56848.71618  1.3505e-14  3.0105e-16  13.6023  0.0242  3
V        5404    56850.29445  1.3339e-14  3.0655e-17  13.6157  0.0025  1
V        5404    56850.32754  1.3216e-14  7.7773e-17  13.6258  0.0064  11
V        5404    56850.58796  1.3275e-14  2.5331e-16  13.6210  0.0207  12
V        5404    56850.62787  1.3190e-14  7.4333e-17  13.6279  0.0061  2
V        5404    56850.71763  1.3237e-14  3.3135e-16  13.6241  0.0272  3
V        5404    56851.58091  1.3061e-14  2.5924e-16  13.6386  0.0216  12
V        5404    56851.63369  1.3130e-14  5.2846e-17  13.6329  0.0044  2
V        5404    56852.27880  1.2990e-14  1.9276e-17  13.6445  0.0016  1
V        5404    56852.62822  1.3141e-14  5.6779e-17  13.6320  0.0047  2
V        5404    56853.30800  1.2907e-14  1.7353e-17  13.6515  0.0015  1
V        5404    56854.31514  1.2770e-14  2.1893e-17  13.6631  0.0019  1
V        5404    56854.70730  1.2509e-14  3.2587e-16  13.6855  0.0283  3
V        5404    56855.54240  1.2734e-14  2.8172e-16  13.6661  0.0240  12
V        5404    56855.71651  1.2830e-14  3.4354e-16  13.6580  0.0291  3
V        5404    56855.76280  1.2864e-14  1.2566e-16  13.6551  0.0106  6
V        5404    56856.69843  1.2816e-14  9.3762e-17  13.6592  0.0079  9
V        5404    56856.70253  1.2910e-14  2.9175e-16  13.6512  0.0245  3
V        5404    56856.75024  1.2787e-14  8.3519e-17  13.6616  0.0071  6
V        5404    56857.26602  1.3185e-14  7.4665e-17  13.6283  0.0061  1
V        5404    56857.55618  1.2979e-14  2.7271e-16  13.6454  0.0228  12
V        5404    56857.71842  1.3241e-14  2.8554e-16  13.6237  0.0234  3
V        5404    56858.28722  1.3301e-14  3.8614e-17  13.6188  0.0032  1
V        5404    56858.71157  1.3294e-14  6.2865e-16  13.6194  0.0513  3
V        5404    56859.29561  1.3426e-14  1.1231e-16  13.6087  0.0091  11
V        5404    56860.63459  1.3308e-14  8.0940e-17  13.6183  0.0066  2
V        5404    56860.72567  1.3337e-14  4.2759e-16  13.6159  0.0348  3
V        5404    56861.20086  1.3069e-14  7.8444e-17  13.6379  0.0065  5
V        5404    56861.62344  1.3213e-14  5.3736e-17  13.6260  0.0044  2
V        5404    56861.67183  1.2989e-14  1.5693e-16  13.6446  0.0131  9
V        5404    56861.69092  1.2997e-14  9.0132e-16  13.6439  0.0753  3
V        5404    56862.69153  1.2907e-14  1.5882e-16  13.6515  0.0134  9
V        5404    56862.70101  1.3267e-14  2.7009e-16  13.6216  0.0221  3
V        5404    56863.23803  1.2746e-14  1.1061e-16  13.6651  0.0094  5
V        5404    56863.62566  1.3195e-14  8.8272e-17  13.6275  0.0073  2
V        5404    56863.70811  1.3322e-14  2.1077e-16  13.6171  0.0172  3
V        5404    56863.74440  1.3161e-14  2.5621e-16  13.6303  0.0211  6
V        5404    56864.51044  1.3170e-14  2.6839e-16  13.6296  0.0221  12
V        5404    56864.62645  1.3110e-14  8.4238e-17  13.6345  0.0070  2
V        5404    56864.69856  1.3381e-14  5.6120e-16  13.6123  0.0455  3
V        5404    56865.63124  1.3474e-14  8.9977e-17  13.6048  0.0073  2
V        5404    56865.69358  1.3945e-14  2.8168e-16  13.5675  0.0219  3