I        8560    56691.57709  8.8307e-15  1.0109e-16  13.0646  0.0124  2
I        8560    56691.60323  8.7317e-15  2.6959e-17  13.0768  0.0034  1
I        8560    56692.59282  8.8029e-15  1.2202e-16  13.0680  0.0150  2
I        8560    56693.60115  8.6513e-15  1.2546e-16  13.0869  0.0157  2
I        8560    56697.56501  8.9278e-15  2.7706e-17  13.0527  0.0034  1
I        8560    56698.54819  8.9709e-15  2.5896e-17  13.0475  0.0031  1
I        8560    56699.47976  8.8364e-15  2.0513e-17  13.0639  0.0025  1
I        8560    56700.50659  8.8091e-15  2.0570e-17  13.0672  0.0025  1
I        8560    56701.56881  8.8869e-15  2.4809e-17  13.0577  0.0030  1
I        8560    56702.54189  8.9436e-15  1.7635e-17  13.0508  0.0021  1
I        8560    56708.57310  9.0570e-15  4.4293e-17  13.0371  0.0053  1
I        8560    56709.55489  9.0211e-15  2.1009e-17  13.0414  0.0025  1
I        8560    56710.48332  8.9276e-15  1.9450e-17  13.0527  0.0024  1
I        8560    56711.60397  8.7975e-15  1.1322e-16  13.0687  0.0140  2
I        8560    56714.47459  8.8213e-15  1.8590e-17  13.0657  0.0023  1
I        8560    56716.48488  8.7184e-15  2.4774e-17  13.0785  0.0031  1
I        8560    56721.48007  8.3886e-15  2.1876e-17  13.1203  0.0028  1
I        8560    56723.45793  8.1715e-15  1.9344e-17  13.1488  0.0026  1
I        8560    56724.62954  8.1366e-15  1.2583e-16  13.1535  0.0168  2
I        8560    56726.63023  8.2353e-15  2.1025e-16  13.1404  0.0277  2
I        8560    56727.46070  8.1925e-15  2.1967e-17  13.1460  0.0029  1
I        8560    56727.60898  8.2072e-15  1.7771e-16  13.1441  0.0235  2
I        8560    56728.62722  8.2030e-15  1.6299e-16  13.1446  0.0216  2
I        8560    56729.61621  8.2270e-15  1.4817e-16  13.1415  0.0196  2
I        8560    56730.57130  8.1727e-15  1.3813e-16  13.1487  0.0184  2
I        8560    56732.50843  8.1692e-15  1.5562e-17  13.1491  0.0021  1
I        8560    56737.52364  8.5637e-15  1.4633e-17  13.0979  0.0019  1
I        8560    56738.45493  8.6607e-15  1.4293e-17  13.0857  0.0018  1
I        8560    56738.58392  8.4869e-15  1.4230e-16  13.1077  0.0182  2
I        8560    56739.31690  8.5640e-15  1.9260e-17  13.0979  0.0024  1
I        8560    56739.59695  8.4919e-15  1.1904e-16  13.1071  0.0152  2
I        8560    56740.57789  8.7901e-15  9.1033e-17  13.0696  0.0112  2
I        8560    56741.52756  8.9782e-15  1.0800e-16  13.0466  0.0131  2
I        8560    56742.45516  8.9150e-15  1.9131e-17  13.0543  0.0023  1
I        8560    56744.44870  9.0916e-15  1.8332e-17  13.0330  0.0022  1
I        8560    56746.43172  9.2889e-15  1.1265e-16  13.0097  0.0132  2
I        8560    56747.45091  9.2676e-15  8.5321e-17  13.0122  0.0100  2
I        8560    56748.47765  9.2453e-15  1.5179e-17  13.0148  0.0018  1
I        8560    56748.54210  9.1905e-15  8.8823e-17  13.0212  0.0105  2
I        8560    56750.35261  9.3011e-15  2.0754e-17  13.0082  0.0024  1
I        8560    56752.42031  9.3049e-15  2.6117e-17  13.0078  0.0030  1
I        8560    56753.36861  9.2474e-15  2.4158e-17  13.0145  0.0028  1
I        8560    56754.37718  9.1760e-15  1.5700e-17  13.0229  0.0019  1
I        8560    56755.43128  9.0675e-15  3.6559e-17  13.0359  0.0044  1
I        8560    56757.34955  9.1152e-15  2.2711e-17  13.0302  0.0027  1
I        8560    56758.44495  8.9878e-15  2.1865e-17  13.0454  0.0026  1
I        8560    56762.45281  8.6906e-15  1.3725e-16  13.0819  0.0171  2
I        8560    56763.43267  8.7850e-15  1.6176e-16  13.0702  0.0200  2
I        8560    56765.31162  8.8668e-15  1.4039e-17  13.0602  0.0017  1
I        8560    56765.51415  8.7722e-15  8.9637e-17  13.0718  0.0111  2
I        8560    56766.29921  8.8558e-15  2.0045e-17  13.0615  0.0025  1
I        8560    56774.53174  9.1516e-15  1.1342e-16  13.0258  0.0135  2
I        8560    56784.46906  9.1553e-15  1.0877e-16  13.0254  0.0129  2
I        8560    56793.50084  8.9980e-15  1.4907e-16  13.0442  0.0180  2
I        8560    56799.36255  9.0840e-15  9.5921e-17  13.0339  0.0115  2
I        8560    56800.40990  9.1075e-15  5.9837e-17  13.0311  0.0071  1
I        8560    56800.46214  9.1848e-15  1.2066e-16  13.0219  0.0143  2
I        8560    56801.43390  8.9689e-15  1.2180e-17  13.0477  0.0015  1
I        8560    56802.36572  8.9536e-15  1.6556e-17  13.0496  0.0020  1
I        8560    56803.34639  9.0135e-15  2.3623e-17  13.0423  0.0028  1
I        8560    56804.40722  8.9891e-15  1.0679e-17  13.0453  0.0013  1
I        8560    56810.34151  9.0305e-15  2.7017e-17  13.0403  0.0032  1
I        8560    56811.34127  9.0377e-15  1.8143e-17  13.0394  0.0022  1
I        8560    56815.37378  9.0767e-15  1.4549e-17  13.0348  0.0017  1
I        8560    56817.36559  9.1430e-15  2.1517e-17  13.0269  0.0026  1
I        8560    56817.42263  9.0437e-15  1.0494e-16  13.0387  0.0126  2
I        8560    56818.37315  9.3889e-15  1.5805e-16  12.9980  0.0183  2
I        8560    56819.43436  9.1493e-15  1.2155e-16  13.0261  0.0144  2
I        8560    56820.32712  9.2520e-15  1.2369e-17  13.0140  0.0015  1
I        8560    56822.31831  9.2788e-15  1.8752e-17  13.0108  0.0022  1
I        8560    56822.40327  9.3468e-15  9.4074e-17  13.0029  0.0109  2
I        8560    56823.35584  9.2709e-15  9.3553e-18  13.0118  0.0011  1
I        8560    56823.39872  9.2605e-15  1.4112e-16  13.0130  0.0165  2
I        8560    56824.37306  9.2278e-15  7.9565e-17  13.0168  0.0094  2
I        8560    56824.38000  9.3354e-15  9.5640e-18  13.0042  0.0011  1
I        8560    56825.35932  9.3370e-15  1.0273e-17  13.0041  0.0012  1
I        8560    56827.38256  9.2479e-15  1.7244e-17  13.0145  0.0020  1
I        8560    56829.31543  9.2087e-15  2.2199e-17  13.0191  0.0026  1
I        8560    56831.29218  9.0190e-15  2.9260e-17  13.0417  0.0035  1
I        8560    56832.28555  9.0169e-15  2.5419e-17  13.0419  0.0031  1
I        8560    56834.33571  9.0397e-15  3.1968e-17  13.0392  0.0038  1
I        8560    56834.40176  9.2469e-15  9.6736e-17  13.0146  0.0114  2
I        8560    56835.41899  9.1293e-15  1.3811e-16  13.0285  0.0164  2
I        8560    56836.32377  9.0264e-15  1.7885e-17  13.0408  0.0022  1
I        8560    56837.32461  9.0328e-15  1.7610e-17  13.0400  0.0021  1
I        8560    56837.41188  9.1002e-15  1.4680e-16  13.0319  0.0175  2
I        8560    56839.32787  9.0474e-15  1.8228e-17  13.0383  0.0022  1
I        8560    56844.37396  9.0582e-15  1.7204e-17  13.0370  0.0021  1
I        8560    56845.28505  8.9892e-15  1.0768e-17  13.0453  0.0013  1
I        8560    56846.34474  8.9720e-15  7.5842e-18  13.0474  0.0009  1
I        8560    56848.28752  8.7447e-15  5.4227e-17  13.0752  0.0067  1
I        8560    56850.30477  8.8867e-15  1.5854e-17  13.0577  0.0019  1
I        8560    56852.28952  8.8324e-15  1.0476e-17  13.0644  0.0013  1
I        8560    56853.31874  8.7353e-15  3.0300e-17  13.0764  0.0038  1
I        8560    56854.31157  8.6959e-15  2.4919e-17  13.0813  0.0031  1
I        8560    56857.26244  8.7292e-15  1.6967e-17  13.0771  0.0021  1
I        8560    56858.29799  8.7835e-15  1.4820e-17  13.0704  0.0018  1
I        8560    56859.33924  8.8252e-15  1.4181e-17  13.0653  0.0017  1