Swiftu   3465    56690.42705  1.9600e-14  5.2200e-16  14.1630  0.0289  -1
Swiftu   3465    56698.36133  2.1900e-14  5.5600e-16  14.0425  0.0276  -1
Swiftu   3465    56699.56336  2.2000e-14  5.8100e-16  14.0376  0.0287  -1
Swiftu   3465    56702.41744  2.2600e-14  5.7800e-16  14.0084  0.0278  -1
Swiftu   3465    56706.48753  2.1800e-14  5.7600e-16  14.0475  0.0287  -1
Swiftu   3465    56708.22856  2.1900e-14  5.7000e-16  14.0425  0.0283  -1
Swiftu   3465    56709.56558  2.1900e-14  7.1100e-16  14.0425  0.0352  -1
Swiftu   3465    56710.10659  2.1500e-14  6.2400e-16  14.0625  0.0315  -1
Swiftu   3465    56710.16859  2.1900e-14  6.4300e-16  14.0425  0.0319  -1
Swiftu   3465    56710.63759  2.1200e-14  6.0600e-16  14.0778  0.0310  -1
Swiftu   3465    56711.02460  2.0100e-14  6.0000e-16  14.1356  0.0324  -1
Swiftu   3465    56711.35960  2.0300e-14  6.3400e-16  14.1249  0.0339  -1
Swiftu   3465    56712.09361  2.0700e-14  5.8900e-16  14.1037  0.0309  -1
Swiftu   3465    56713.22962  2.1000e-14  6.2600e-16  14.0881  0.0324  -1
Swiftu   3465    56713.51163  1.9300e-14  5.6300e-16  14.1797  0.0317  -1
Swiftu   3465    56713.95963  2.0300e-14  6.0900e-16  14.1249  0.0326  -1
Swiftu   3465    56714.22663  2.0400e-14  5.9100e-16  14.1196  0.0315  -1
Swiftu   3465    56714.51163  1.9800e-14  5.9300e-16  14.1520  0.0325  -1
Swiftu   3465    56715.04364  1.9800e-14  5.8800e-16  14.1520  0.0322  -1
Swiftu   3465    56715.64264  1.9400e-14  5.7500e-16  14.1741  0.0322  -1
Swiftu   3465    56717.03965  1.8900e-14  5.5600e-16  14.2025  0.0319  -1
Swiftu   3465    56718.36866  1.7800e-14  5.0100e-16  14.2676  0.0306  -1
Swiftu   3465    56718.63866  1.7400e-14  5.2100e-16  14.2923  0.0325  -1
Swiftu   3465    56719.71166  1.7800e-14  5.1000e-16  14.2676  0.0311  -1
Swiftu   3465    56720.10066  1.6900e-14  5.2600e-16  14.3239  0.0338  -1
Swiftu   3465    56720.37666  1.7900e-14  5.0100e-16  14.2615  0.0304  -1
Swiftu   3465    56720.63866  1.7300e-14  5.1900e-16  14.2985  0.0326  -1
Swiftu   3465    56720.96866  1.6700e-14  4.7800e-16  14.3368  0.0311  -1
Swiftu   3465    56721.38066  1.7200e-14  4.8400e-16  14.3048  0.0306  -1
Swiftu   3465    56721.56966  1.7100e-14  5.1500e-16  14.3111  0.0327  -1
Swiftu   3465    56722.37166  1.6400e-14  4.7200e-16  14.3565  0.0312  -1
Swiftu   3465    56722.84366  1.5900e-14  4.8200e-16  14.3901  0.0329  -1
Swiftu   3465    56723.11265  1.5500e-14  4.5800e-16  14.4178  0.0321  -1
Swiftu   3465    56723.44365  1.5500e-14  4.4700e-16  14.4178  0.0313  -1
Swiftu   3465    56723.89565  1.6300e-14  4.8200e-16  14.3632  0.0321  -1
Swiftu   3465    56724.44865  1.5500e-14  4.5000e-16  14.4178  0.0315  -1
Swiftu   3465    56724.56965  1.6000e-14  4.7700e-16  14.3833  0.0324  -1
Swiftu   3465    56724.82965  1.6000e-14  4.8600e-16  14.3833  0.0330  -1
Swiftu   3465    56725.16864  1.5500e-14  4.6100e-16  14.4178  0.0323  -1
Swiftu   3465    56725.29664  1.6500e-14  4.8700e-16  14.3499  0.0320  -1
Swiftu   3465    56725.63864  1.6600e-14  4.9500e-16  14.3434  0.0324  -1
Swiftu   3465    56726.02964  1.5600e-14  4.9800e-16  14.4108  0.0347  -1
Swiftu   3465    56726.31164  1.6400e-14  4.5700e-16  14.3565  0.0303  -1
Swiftu   3465    56727.02963  1.6000e-14  3.3932e-16  14.3833  0.0230  -1
Swiftu   3465    56727.31063  1.6000e-14  4.4300e-16  14.3833  0.0301  -1
Swiftu   3465    56727.51163  1.6300e-14  4.9600e-16  14.3632  0.0330  -1
Swiftu   3465    56727.84662  1.6300e-14  4.7800e-16  14.3632  0.0318  -1
Swiftu   3465    56728.58062  1.5900e-14  4.6200e-16  14.3901  0.0315  -1
Swiftu   3465    56728.84561  1.6300e-14  4.6300e-16  14.3632  0.0308  -1
Swiftu   3465    56729.64360  1.6100e-14  4.7000e-16  14.3766  0.0317  -1
Swiftu   3465    56730.03760  1.5800e-14  4.7200e-16  14.3970  0.0324  -1
Swiftu   3465    56730.37359  1.6400e-14  4.6700e-16  14.3565  0.0309  -1
Swiftu   3465    56730.63359  1.6300e-14  4.6200e-16  14.3632  0.0308  -1
Swiftu   3465    56730.96359  1.6900e-14  4.7400e-16  14.3239  0.0305  -1
Swiftu   3465    56731.36758  1.6500e-14  4.5400e-16  14.3499  0.0299  -1
Swiftu   3465    56731.63158  1.6600e-14  4.7000e-16  14.3434  0.0307  -1
Swiftu   3465    56732.04657  1.6500e-14  4.7400e-16  14.3499  0.0312  -1
Swiftu   3465    56732.37156  1.6600e-14  4.6000e-16  14.3434  0.0301  -1
Swiftu   3465    56732.71656  1.6500e-14  4.6800e-16  14.3499  0.0308  -1
Swiftu   3465    56732.98055  1.6500e-14  4.6600e-16  14.3499  0.0307  -1
Swiftu   3465    56733.23155  1.6300e-14  4.5200e-16  14.3632  0.0301  -1
Swiftu   3465    56733.57554  1.6300e-14  4.6400e-16  14.3632  0.0309  -1
Swiftu   3465    56733.97154  1.6200e-14  4.5900e-16  14.3698  0.0308  -1
Swiftu   3465    56734.23753  1.7000e-14  4.5900e-16  14.3175  0.0293  -1
Swiftu   3465    56734.51253  1.6500e-14  4.7600e-16  14.3499  0.0313  -1
Swiftu   3465    56734.89752  1.7700e-14  5.1300e-16  14.2737  0.0315  -1
Swiftu   3465    56735.29751  1.7700e-14  4.8000e-16  14.2737  0.0294  -1
Swiftu   3465    56735.63850  1.6800e-14  4.8300e-16  14.3304  0.0312  -1
Swiftu   3465    56736.29849  1.8100e-14  5.0000e-16  14.2494  0.0300  -1
Swiftu   3465    56736.56449  1.8300e-14  5.2700e-16  14.2375  0.0313  -1
Swiftu   3465    56736.89748  1.8600e-14  5.3700e-16  14.2198  0.0313  -1
Swiftu   3465    56737.51146  1.8300e-14  5.5000e-16  14.2375  0.0326  -1
Swiftu   3465    56737.89846  1.9300e-14  5.8100e-16  14.1797  0.0327  -1
Swiftu   3465    56738.23145  1.9600e-14  5.4600e-16  14.1630  0.0302  -1
Swiftu   3465    56738.51444  2.1100e-14  6.3900e-16  14.0829  0.0329  -1
Swiftu   3465    56738.89843  2.0100e-14  5.8500e-16  14.1356  0.0316  -1
Swiftu   3465    56739.23142  2.0300e-14  5.6600e-16  14.1249  0.0303  -1
Swiftu   3465    56739.58541  2.1000e-14  6.2800e-16  14.0881  0.0325  -1
Swiftu   3465    56739.98240  2.1100e-14  5.9500e-16  14.0829  0.0306  -1
Swiftu   3465    56740.31740  2.1400e-14  5.9800e-16  14.0676  0.0303  -1
Swiftu   3465    56740.51839  2.1600e-14  6.1700e-16  14.0575  0.0310  -1
Swiftu   3465    56740.91438  2.1400e-14  6.1800e-16  14.0676  0.0314  -1
Swiftu   3465    56741.31837  2.1000e-14  5.9600e-16  14.0881  0.0308  -1
Swiftu   3465    56741.51236  2.2300e-14  6.6100e-16  14.0229  0.0322  -1
Swiftu   3465    56741.89735  2.2200e-14  6.3300e-16  14.0277  0.0310  -1
Swiftu   3465    56742.23134  2.1700e-14  6.0600e-16  14.0525  0.0303  -1
Swiftu   3465    56742.71633  2.1900e-14  6.5500e-16  14.0425  0.0325  -1
Swiftu   3465    56742.96432  2.2600e-14  6.4000e-16  14.0084  0.0307  -1
Swiftu   3465    56743.37131  2.3500e-14  6.4800e-16  13.9660  0.0299  -1
Swiftu   3465    56743.51230  2.3300e-14  6.7400e-16  13.9752  0.0314  -1
Swiftu   3465    56744.43928  2.3453e-14  4.4590e-16  13.9681  0.0206  -1
Swiftu   3465    56744.51227  2.4700e-14  6.9600e-16  13.9119  0.0306  -1
Swiftu   3465    56745.37825  2.4300e-14  7.2000e-16  13.9296  0.0322  -1
Swiftu   3465    56745.58224  2.4100e-14  7.0100e-16  13.9386  0.0316  -1
Swiftu   3465    56745.90323  2.4800e-14  7.2200e-16  13.9075  0.0316  -1
Swiftu   3465    56746.24022  2.4700e-14  6.9800e-16  13.9119  0.0307  -1
Swiftu   3465    56746.57421  2.4600e-14  7.2000e-16  13.9163  0.0318  -1
Swiftu   3465    56746.89820  2.4000e-14  6.9000e-16  13.9431  0.0312  -1
Swiftu   3465    56747.69717  2.4800e-14  7.1200e-16  13.9075  0.0312  -1
Swiftu   3465    56748.03116  2.4300e-14  6.9800e-16  13.9296  0.0312  -1
Swiftu   3465    56748.51214  2.4800e-14  7.5600e-16  13.9075  0.0331  -1
Swiftu   3465    56749.09812  2.4800e-14  6.9700e-16  13.9075  0.0305  -1
Swiftu   3465    56749.37511  2.4800e-14  6.9800e-16  13.9075  0.0306  -1
Swiftu   3465    56749.51210  2.4700e-14  7.3200e-16  13.9119  0.0322  -1
Swiftu   3465    56750.45206  2.4700e-14  6.9800e-16  13.9119  0.0307  -1
Swiftu   3465    56750.57706  2.4300e-14  7.0500e-16  13.9296  0.0315  -1
Swiftu   3465    56751.56602  2.4500e-14  7.1700e-16  13.9207  0.0318  -1
Swiftu   3465    56752.03700  2.3400e-14  6.8300e-16  13.9706  0.0317  -1
Swiftu   3465    56752.63398  2.4300e-14  7.2800e-16  13.9296  0.0325  -1
Swiftu   3465    56753.03596  2.3500e-14  6.7600e-16  13.9660  0.0312  -1
Swiftu   3465    56753.36495  2.3100e-14  6.6500e-16  13.9846  0.0313  -1
Swiftu   3465    56753.70193  2.3100e-14  6.9200e-16  13.9846  0.0325  -1
Swiftu   3465    56753.91092  2.2300e-14  6.1800e-16  14.0229  0.0301  -1
Swiftu   3465    56754.16791  2.2600e-14  6.3600e-16  14.0084  0.0306  -1
Swiftu   3465    56754.36590  2.2000e-14  5.9200e-16  14.0376  0.0292  -1
Swiftu   3465    56755.04587  2.1100e-14  6.1600e-16  14.0829  0.0317  -1
Swiftu   3465    56755.36686  2.1200e-14  6.0800e-16  14.0778  0.0311  -1
Swiftu   3465    56755.51885  2.1300e-14  6.1100e-16  14.0727  0.0311  -1
Swiftu   3465    56756.09883  2.1200e-14  6.1400e-16  14.0778  0.0314  -1
Swiftu   3465    56756.30382  2.1400e-14  6.0500e-16  14.0676  0.0307  -1
Swiftu   3465    56757.29977  2.1800e-14  6.2100e-16  14.0475  0.0309  -1
Swiftu   3465    56757.51576  2.2300e-14  6.2100e-16  14.0229  0.0302  -1
Swiftu   3465    56757.97974  2.1900e-14  6.1400e-16  14.0425  0.0304  -1
Swiftu   3465    56758.31073  2.1600e-14  6.0400e-16  14.0575  0.0304  -1
Swiftu   3465    56758.51572  2.1800e-14  6.0700e-16  14.0475  0.0302  -1
Swiftu   3465    56758.96669  2.1600e-14  5.9700e-16  14.0575  0.0300  -1
Swiftu   3465    56759.23268  2.1100e-14  5.8600e-16  14.0829  0.0302  -1
Swiftu   3465    56759.83365  2.0600e-14  5.7200e-16  14.1090  0.0301  -1
Swiftu   3465    56759.96665  1.9600e-14  5.4600e-16  14.1630  0.0302  -1
Swiftu   3465    56760.30063  2.0500e-14  5.6900e-16  14.1142  0.0301  -1
Swiftu   3465    56761.04059  2.0400e-14  5.7000e-16  14.1196  0.0303  -1
Swiftu   3465    56761.83355  2.1500e-14  5.8600e-16  14.0625  0.0296  -1
Swiftu   3465    56762.04154  2.0600e-14  5.7400e-16  14.1090  0.0303  -1
Swiftu   3465    56762.30253  2.1600e-14  5.9100e-16  14.0575  0.0297  -1
Swiftu   3465    56762.83550  2.1600e-14  6.4300e-16  14.0575  0.0323  -1
Swiftu   3465    56763.04549  2.0500e-14  5.8800e-16  14.1142  0.0311  -1
Swiftu   3465    56763.37847  2.1000e-14  5.8800e-16  14.0881  0.0304  -1
Swiftu   3465    56763.51546  2.0100e-14  5.6200e-16  14.1356  0.0304  -1
Swiftu   3465    56764.03444  2.1700e-14  5.9600e-16  14.0525  0.0298  -1
Swiftu   3465    56764.38442  2.1000e-14  5.8400e-16  14.0881  0.0302  -1
Swiftu   3465    56764.76740  2.1100e-14  6.0400e-16  14.0829  0.0311  -1
Swiftu   3465    56765.11638  2.1000e-14  6.1900e-16  14.0881  0.0320  -1
Swiftu   3465    56765.70035  2.1500e-14  6.4700e-16  14.0625  0.0327  -1
Swiftu   3465    56766.10032  2.1300e-14  6.2400e-16  14.0727  0.0318  -1
Swiftu   3465    56766.38431  2.0600e-14  6.2900e-16  14.1090  0.0332  -1
Swiftu   3465    56766.72229  2.0800e-14  6.2500e-16  14.0985  0.0326  -1
Swiftu   3465    56767.38225  2.1000e-14  6.1100e-16  14.0881  0.0316  -1
Swiftu   3465    56768.44619  2.2300e-14  6.3200e-16  14.0229  0.0308  -1
Swiftu   3465    56769.38314  2.1700e-14  6.1400e-16  14.0525  0.0307  -1
Swiftu   3465    56770.51207  2.1200e-14  6.1400e-16  14.0778  0.0314  -1
Swiftu   3465    56770.84505  2.2600e-14  6.4100e-16  14.0084  0.0308  -1
Swiftu   3465    56771.17703  2.2500e-14  6.2800e-16  14.0132  0.0303  -1
Swiftu   3465    56774.72181  2.3300e-14  7.1300e-16  13.9752  0.0332  -1
Swiftu   3465    56774.92480  2.3600e-14  6.9600e-16  13.9613  0.0320  -1
Swiftu   3465    56775.57776  2.3500e-14  6.6100e-16  13.9660  0.0305  -1
Swiftu   3465    56776.03773  2.2800e-14  6.4100e-16  13.9988  0.0305  -1
Swiftu   3465    56776.23872  2.3400e-14  6.3000e-16  13.9706  0.0292  -1
Swiftu   3465    56776.97367  2.3200e-14  6.4500e-16  13.9799  0.0302  -1
Swiftu   3465    56777.37365  2.2500e-14  6.2900e-16  14.0132  0.0304  -1
Swiftu   3465    56777.51964  2.1900e-14  6.4100e-16  14.0425  0.0318  -1
Swiftu   3465    56778.58557  2.2600e-14  6.5600e-16  14.0084  0.0315  -1
Swiftu   3465    56779.37951  2.2400e-14  6.6500e-16  14.0180  0.0322  -1
Swiftu   3465    56779.78449  2.2000e-14  6.1400e-16  14.0376  0.0303  -1
Swiftu   3465    56779.85048  2.2400e-14  6.3500e-16  14.0180  0.0308  -1
Swiftu   3465    56780.25046  2.2700e-14  6.4600e-16  14.0036  0.0309  -1
Swiftu   3465    56780.51944  2.1900e-14  6.6700e-16  14.0425  0.0331  -1
Swiftu   3465    56780.58643  2.2500e-14  6.7200e-16  14.0132  0.0324  -1
Swiftu   3465    56782.09733  2.2600e-14  6.4600e-16  14.0084  0.0310  -1
Swiftu   3465    56782.30732  2.1600e-14  5.9900e-16  14.0575  0.0301  -1
Swiftu   3465    56782.70429  2.2200e-14  6.4600e-16  14.0277  0.0316  -1
Swiftu   3465    56782.97627  2.2200e-14  6.4600e-16  14.0277  0.0316  -1
Swiftu   3465    56783.36524  2.2500e-14  6.6500e-16  14.0132  0.0321  -1
Swiftu   3465    56783.56423  2.2000e-14  6.4300e-16  14.0376  0.0317  -1
Swiftu   3465    56783.96320  2.2700e-14  6.5000e-16  14.0036  0.0311  -1
Swiftu   3465    56785.03913  2.2200e-14  6.5700e-16  14.0277  0.0321  -1
Swiftu   3465    56785.56509  2.3400e-14  6.7800e-16  13.9706  0.0315  -1
Swiftu   3465    56786.36403  2.3100e-14  6.4300e-16  13.9846  0.0302  -1
Swiftu   3465    56786.97299  2.1900e-14  6.3400e-16  14.0425  0.0314  -1
Swiftu   3465    56787.30597  2.2800e-14  6.3700e-16  13.9988  0.0303  -1
Swiftu   3465    56787.71094  2.3100e-14  6.8200e-16  13.9846  0.0321  -1
Swiftu   3465    56787.97992  2.2600e-14  6.5600e-16  14.0084  0.0315  -1
Swiftu   3465    56788.30389  2.3500e-14  6.8300e-16  13.9660  0.0316  -1
Swiftu   3465    56789.04384  2.2800e-14  6.4000e-16  13.9988  0.0305  -1
Swiftu   3465    56789.30582  2.1400e-14  5.9700e-16  14.0676  0.0303  -1
Swiftu   3465    56789.64680  2.2200e-14  6.6300e-16  14.0277  0.0324  -1
Swiftu   3465    56789.96477  2.2500e-14  6.4000e-16  14.0132  0.0309  -1
Swiftu   3465    56790.63373  2.1600e-14  6.2600e-16  14.0575  0.0315  -1
Swiftu   3465    56791.03470  2.2500e-14  6.5000e-16  14.0132  0.0314  -1
Swiftu   3465    56791.63365  2.0800e-14  6.1200e-16  14.0985  0.0319  -1
Swiftu   3465    56791.96363  2.1000e-14  5.9100e-16  14.0881  0.0306  -1
Swiftu   3465    56792.36560  2.2200e-14  6.4500e-16  14.0277  0.0315  -1
Swiftu   3465    56792.84356  2.2000e-14  6.1400e-16  14.0376  0.0303  -1
Swiftu   3465    56793.84249  2.2000e-14  6.1400e-16  14.0376  0.0303  -1
Swiftu   3465    56794.24646  2.3100e-14  6.7900e-16  13.9846  0.0319  -1
Swiftu   3465    56794.69343  2.2100e-14  6.7600e-16  14.0326  0.0332  -1
Swiftu   3465    56795.36038  2.2100e-14  6.7800e-16  14.0326  0.0333  -1
Swiftu   3465    56795.89134  2.2400e-14  6.2400e-16  14.0180  0.0302  -1
Swiftu   3465    56796.89126  2.2000e-14  6.2500e-16  14.0376  0.0308  -1
Swiftu   3465    56797.22423  2.2600e-14  6.1900e-16  14.0084  0.0297  -1
Swiftu   3465    56798.22416  2.2800e-14  6.4200e-16  13.9988  0.0306  -1
Swiftu   3465    56798.50814  2.3100e-14  6.8400e-16  13.9846  0.0321  -1
Swiftu   3465    56798.89011  2.2100e-14  6.2700e-16  14.0326  0.0308  -1
Swiftu   3465    56799.22508  2.2300e-14  6.0300e-16  14.0229  0.0294  -1
Swiftu   3465    56799.56106  2.3200e-14  6.3500e-16  13.9799  0.0297  -1
Swiftu   3465    56800.02402  2.2100e-14  5.9700e-16  14.0326  0.0293  -1
Swiftu   3465    56800.35900  2.2500e-14  6.5500e-16  14.0132  0.0316  -1
Swiftu   3465    56800.82496  2.1800e-14  6.0300e-16  14.0475  0.0300  -1
Swiftu   3465    56801.09494  2.1900e-14  6.1100e-16  14.0425  0.0303  -1
Swiftu   3465    56802.09386  2.2000e-14  5.8500e-16  14.0376  0.0289  -1
Swiftu   3465    56802.62582  2.2200e-14  5.9200e-16  14.0277  0.0290  -1
Swiftu   3465    56802.88880  2.2000e-14  6.6300e-16  14.0376  0.0327  -1
Swiftu   3465    56803.62774  2.1700e-14  6.1400e-16  14.0525  0.0307  -1
Swiftu   3465    56804.22870  2.1800e-14  6.1400e-16  14.0475  0.0306  -1
Swiftu   3465    56805.08863  2.2200e-14  6.4800e-16  14.0277  0.0317  -1
Swiftu   3465    56805.97256  2.2200e-14  6.1400e-16  14.0277  0.0300  -1
Swiftu   3465    56806.36753  2.2600e-14  6.2500e-16  14.0084  0.0300  -1
Swiftu   3465    56806.88849  2.2900e-14  6.4500e-16  13.9940  0.0306  -1
Swiftu   3465    56807.22246  2.2300e-14  6.1800e-16  14.0229  0.0301  -1
Swiftu   3465    56807.88741  2.2700e-14  6.4200e-16  14.0036  0.0307  -1
Swiftu   3465    56808.55336  2.2900e-14  6.4500e-16  13.9940  0.0306  -1
Swiftu   3465    56808.88733  2.3900e-14  6.7400e-16  13.9476  0.0306  -1
Swiftu   3465    56809.21931  2.2100e-14  6.5300e-16  14.0326  0.0321  -1
Swiftu   3465    56809.88725  2.2500e-14  6.3800e-16  14.0132  0.0308  -1
Swiftu   3465    56810.22023  2.3500e-14  6.7900e-16  13.9660  0.0314  -1
Swiftu   3465    56810.55320  2.3000e-14  6.5100e-16  13.9893  0.0307  -1
Swiftu   3465    56810.88718  2.2800e-14  6.4500e-16  13.9988  0.0307  -1
Swiftu   3465    56811.22015  2.2800e-14  7.0000e-16  13.9988  0.0333  -1
Swiftu   3465    56812.02109  2.2800e-14  6.6200e-16  13.9988  0.0315  -1
Swiftu   3465    56812.36906  2.3100e-14  6.7000e-16  13.9846  0.0315  -1
Swiftu   3465    56812.55304  2.2800e-14  6.5500e-16  13.9988  0.0312  -1
Swiftu   3465    56812.88602  2.2200e-14  6.4300e-16  14.0277  0.0314  -1
Swiftu   3465    56813.22499  2.2800e-14  6.7500e-16  13.9988  0.0321  -1
Swiftu   3465    56813.55197  2.2800e-14  6.6200e-16  13.9988  0.0315  -1
Swiftu   3465    56813.97093  2.3000e-14  6.3900e-16  13.9893  0.0302  -1
Swiftu   3465    56814.36890  2.2600e-14  6.2900e-16  14.0084  0.0302  -1
Swiftu   3465    56814.55289  2.3900e-14  7.2500e-16  13.9476  0.0329  -1
Swiftu   3465    56814.62188  2.3000e-14  6.2900e-16  13.9893  0.0297  -1
Swiftu   3465    56815.69480  2.3800e-14  6.9100e-16  13.9522  0.0315  -1
Swiftu   3465    56815.95378  2.4500e-14  7.2600e-16  13.9207  0.0322  -1
Swiftu   3465    56816.22676  2.4900e-14  7.1700e-16  13.9031  0.0313  -1
Swiftu   3465    56817.62065  2.5400e-14  6.9100e-16  13.8815  0.0295  -1
Swiftu   3465    56818.08761  2.5300e-14  6.4400e-16  13.8858  0.0276  -1
Swiftu   3465    56818.23760  2.4400e-14  7.0600e-16  13.9252  0.0314  -1
Swiftu   3465    56818.70256  2.6600e-14  7.8700e-16  13.8314  0.0321  -1
Swiftu   3465    56818.95654  2.6600e-14  7.4900e-16  13.8314  0.0306  -1
Swiftu   3465    56819.69348  2.6100e-14  7.5800e-16  13.8520  0.0315  -1
Swiftu   3465    56820.22444  2.6300e-14  7.5900e-16  13.8437  0.0313  -1
Swiftu   3465    56820.57141  2.5300e-14  7.3700e-16  13.8858  0.0316  -1
Swiftu   3465    56820.63441  2.5900e-14  7.5300e-16  13.8604  0.0316  -1
Swiftu   3465    56820.68641  2.5900e-14  7.4500e-16  13.8604  0.0312  -1
Swiftu   3465    56821.90131  2.5700e-14  7.2400e-16  13.8688  0.0306  -1
Swiftu   3465    56822.36228  2.6400e-14  7.6000e-16  13.8396  0.0313  -1
Swiftu   3465    56823.15321  2.6500e-14  7.8400e-16  13.8355  0.0321  -1
Swiftu   3465    56823.29220  2.5600e-14  7.2100e-16  13.8730  0.0306  -1
Swiftu   3465    56824.61710  2.5200e-14  7.4600e-16  13.8901  0.0321  -1
Swiftu   3465    56825.36004  2.5000e-14  7.1800e-16  13.8988  0.0312  -1
Swiftu   3465    56825.54903  2.5100e-14  7.0700e-16  13.8944  0.0306  -1
Swiftu   3465    56825.95100  2.5300e-14  6.1100e-16  13.8858  0.0262  -1
Swiftu   3465    56826.42796  2.4000e-14  7.0400e-16  13.9431  0.0318  -1
Swiftu   3465    56826.75994  2.4300e-14  7.0200e-16  13.9296  0.0314  -1
Swiftu   3465    56827.03492  2.3300e-14  6.5900e-16  13.9752  0.0307  -1
Swiftu   3465    56827.42689  2.3500e-14  6.7900e-16  13.9660  0.0314  -1
Swiftu   3465    56827.88085  2.3600e-14  6.6600e-16  13.9613  0.0306  -1
Swiftu   3465    56828.14983  2.4300e-14  7.0100e-16  13.9296  0.0313  -1
Swiftu   3465    56828.42481  2.3300e-14  6.7400e-16  13.9752  0.0314  -1
Swiftu   3465    56828.54980  2.3600e-14  5.8900e-16  13.9613  0.0271  -1
Swiftu   3465    56829.01476  2.3500e-14  6.7900e-16  13.9660  0.0314  -1
Swiftu   3465    56829.81370  2.1700e-14  6.4700e-16  14.0525  0.0324  -1
Swiftu   3465    56830.14768  2.3000e-14  6.5300e-16  13.9893  0.0308  -1
Swiftu   3465    56830.41866  2.2900e-14  6.5700e-16  13.9940  0.0311  -1