UVW2     1928    56690.43005  2.7100e-14  6.0200e-16  15.0842  0.0241  -1
UVW2     1928    56698.36533  3.2800e-14  6.9800e-16  14.8769  0.0231  -1
UVW2     1928    56699.56636  3.1900e-14  7.1500e-16  14.9071  0.0243  -1
UVW2     1928    56706.49053  3.2700e-14  7.1000e-16  14.8802  0.0236  -1
UVW2     1928    56708.23256  3.1100e-14  6.7800e-16  14.9347  0.0237  -1
UVW2     1928    56709.56658  3.0800e-14  7.6800e-16  14.9452  0.0271  -1
UVW2     1928    56710.10859  2.9700e-14  6.9200e-16  14.9847  0.0253  -1
UVW2     1928    56710.17059  2.9700e-14  6.9900e-16  14.9847  0.0256  -1
UVW2     1928    56710.63959  2.7900e-14  6.4800e-16  15.0526  0.0252  -1
UVW2     1928    56711.02660  2.9000e-14  6.8800e-16  15.0106  0.0258  -1
UVW2     1928    56711.36060  2.7400e-14  6.7400e-16  15.0722  0.0267  -1
UVW2     1928    56712.09561  2.7900e-14  6.4500e-16  15.0526  0.0251  -1
UVW2     1928    56713.23162  2.7100e-14  6.4800e-16  15.0842  0.0260  -1
UVW2     1928    56713.51363  2.7600e-14  6.4800e-16  15.0643  0.0255  -1
UVW2     1928    56713.96163  2.7300e-14  6.5500e-16  15.0762  0.0260  -1
UVW2     1928    56714.22863  2.7800e-14  6.5400e-16  15.0565  0.0255  -1
UVW2     1928    56714.51263  2.7300e-14  6.5300e-16  15.0762  0.0260  -1
UVW2     1928    56715.04464  2.7100e-14  6.4600e-16  15.0842  0.0259  -1
UVW2     1928    56715.64364  2.4300e-14  1.3400e-15  15.2026  0.0599  -1
UVW2     1928    56717.04165  2.4400e-14  5.8600e-16  15.1981  0.0261  -1
UVW2     1928    56718.37066  2.3200e-14  5.3900e-16  15.2529  0.0252  -1
UVW2     1928    56718.64066  2.2100e-14  5.4000e-16  15.3056  0.0265  -1
UVW2     1928    56719.71366  2.3100e-14  5.4500e-16  15.2576  0.0256  -1
UVW2     1928    56720.10266  2.3000e-14  5.7200e-16  15.2623  0.0270  -1
UVW2     1928    56720.37866  2.2800e-14  5.3000e-16  15.2718  0.0252  -1
UVW2     1928    56720.64066  2.1400e-14  5.2700e-16  15.3406  0.0267  -1
UVW2     1928    56720.97066  2.2100e-14  5.2300e-16  15.3056  0.0257  -1
UVW2     1928    56721.38366  2.1300e-14  5.0100e-16  15.3457  0.0255  -1
UVW2     1928    56721.57166  2.0700e-14  5.1200e-16  15.3767  0.0269  -1
UVW2     1928    56722.37366  2.0500e-14  4.9000e-16  15.3872  0.0260  -1
UVW2     1928    56722.84566  2.0000e-14  4.9600e-16  15.4140  0.0269  -1
UVW2     1928    56723.11465  2.0400e-14  4.9500e-16  15.3925  0.0263  -1
UVW2     1928    56723.44665  2.0500e-14  4.9000e-16  15.3872  0.0260  -1
UVW2     1928    56723.89765  1.9900e-14  4.8800e-16  15.4195  0.0266  -1
UVW2     1928    56724.45165  2.0300e-14  4.8800e-16  15.3979  0.0261  -1
UVW2     1928    56724.57165  2.0000e-14  4.9300e-16  15.4140  0.0268  -1
UVW2     1928    56724.83165  2.0300e-14  5.0500e-16  15.3979  0.0270  -1
UVW2     1928    56725.17064  2.0200e-14  4.9100e-16  15.4032  0.0264  -1
UVW2     1928    56725.29864  2.0000e-14  4.8800e-16  15.4140  0.0265  -1
UVW2     1928    56725.64064  2.0600e-14  5.0400e-16  15.3819  0.0266  -1
UVW2     1928    56726.03064  2.0600e-14  5.2700e-16  15.3819  0.0278  -1
UVW2     1928    56726.31364  2.0300e-14  4.7500e-16  15.3979  0.0254  -1
UVW2     1928    56727.03263  2.0476e-14  3.5696e-16  15.3885  0.0189  -1
UVW2     1928    56727.31263  2.0300e-14  4.7300e-16  15.3979  0.0253  -1
UVW2     1928    56727.51363  2.0800e-14  5.1800e-16  15.3715  0.0270  -1
UVW2     1928    56727.84862  2.1000e-14  5.0800e-16  15.3611  0.0263  -1
UVW2     1928    56728.58362  2.0300e-14  4.8700e-16  15.3979  0.0260  -1
UVW2     1928    56728.84861  2.0900e-14  4.9300e-16  15.3662  0.0256  -1
UVW2     1928    56729.64560  2.1300e-14  5.1100e-16  15.3457  0.0260  -1
UVW2     1928    56730.03960  2.1500e-14  5.2300e-16  15.3355  0.0264  -1
UVW2     1928    56730.37659  2.1800e-14  5.1000e-16  15.3205  0.0254  -1
UVW2     1928    56730.63659  2.1400e-14  5.0300e-16  15.3406  0.0255  -1
UVW2     1928    56730.96659  2.1900e-14  5.1200e-16  15.3155  0.0254  -1
UVW2     1928    56731.36958  2.1400e-14  4.9200e-16  15.3406  0.0250  -1
UVW2     1928    56731.63358  2.1900e-14  5.1400e-16  15.3155  0.0255  -1
UVW2     1928    56732.04857  2.1800e-14  5.1800e-16  15.3205  0.0258  -1
UVW2     1928    56732.37456  2.1500e-14  4.9800e-16  15.3355  0.0251  -1
UVW2     1928    56732.71856  2.2000e-14  5.1500e-16  15.3106  0.0254  -1
UVW2     1928    56732.98255  2.1400e-14  5.0100e-16  15.3406  0.0254  -1
UVW2     1928    56733.23455  2.1400e-14  4.9200e-16  15.3406  0.0250  -1
UVW2     1928    56733.57754  2.1000e-14  4.9700e-16  15.3611  0.0257  -1
UVW2     1928    56733.97354  2.1500e-14  5.0200e-16  15.3355  0.0254  -1
UVW2     1928    56734.24053  2.2400e-14  5.0700e-16  15.2910  0.0246  -1
UVW2     1928    56734.51453  2.2100e-14  5.2400e-16  15.3056  0.0257  -1
UVW2     1928    56734.89952  2.3500e-14  5.5600e-16  15.2389  0.0257  -1
UVW2     1928    56735.30051  2.4000e-14  5.4200e-16  15.2161  0.0245  -1
UVW2     1928    56735.64050  2.4200e-14  5.6500e-16  15.2071  0.0253  -1
UVW2     1928    56736.30149  2.6400e-14  5.9900e-16  15.1126  0.0246  -1
UVW2     1928    56736.56649  2.6400e-14  6.1800e-16  15.1126  0.0254  -1
UVW2     1928    56736.89948  2.7900e-14  6.5000e-16  15.0526  0.0253  -1
UVW2     1928    56737.51346  2.8300e-14  6.7300e-16  15.0371  0.0258  -1
UVW2     1928    56737.90046  2.7600e-14  6.6000e-16  15.0643  0.0260  -1
UVW2     1928    56738.23445  2.8500e-14  6.4900e-16  15.0295  0.0247  -1
UVW2     1928    56738.51544  2.8900e-14  6.9200e-16  15.0144  0.0260  -1
UVW2     1928    56738.90043  2.9700e-14  6.9200e-16  14.9847  0.0253  -1
UVW2     1928    56739.23442  2.9700e-14  6.7400e-16  14.9847  0.0246  -1
UVW2     1928    56739.58741  3.0600e-14  7.2500e-16  14.9523  0.0257  -1
UVW2     1928    56739.98440  3.1800e-14  7.2100e-16  14.9105  0.0246  -1
UVW2     1928    56740.32040  3.2200e-14  7.2900e-16  14.8970  0.0246  -1
UVW2     1928    56740.52039  3.2300e-14  7.3900e-16  14.8936  0.0248  -1
UVW2     1928    56740.91638  3.2100e-14  7.3900e-16  14.9003  0.0250  -1
UVW2     1928    56741.32037  3.2300e-14  7.3500e-16  14.8936  0.0247  -1
UVW2     1928    56741.51436  3.2500e-14  7.6300e-16  14.8869  0.0255  -1
UVW2     1928    56741.89935  3.3400e-14  7.6300e-16  14.8572  0.0248  -1
UVW2     1928    56742.23434  3.2800e-14  7.3900e-16  14.8769  0.0245  -1
UVW2     1928    56742.71833  3.4500e-14  8.0400e-16  14.8221  0.0253  -1
UVW2     1928    56742.96732  3.4600e-14  7.8200e-16  14.8189  0.0245  -1
UVW2     1928    56743.37431  3.4600e-14  7.7000e-16  14.8189  0.0242  -1
UVW2     1928    56743.51430  3.4300e-14  7.8400e-16  14.8284  0.0248  -1
UVW2     1928    56744.44228  3.5505e-14  5.5079e-16  14.7909  0.0168  -1
UVW2     1928    56744.51427  3.6200e-14  8.1500e-16  14.7698  0.0244  -1
UVW2     1928    56745.38025  3.6300e-14  8.3800e-16  14.7668  0.0251  -1
UVW2     1928    56745.58424  3.6900e-14  8.4500e-16  14.7490  0.0249  -1
UVW2     1928    56745.90523  3.6700e-14  8.4200e-16  14.7549  0.0249  -1
UVW2     1928    56746.24222  3.6200e-14  8.1700e-16  14.7698  0.0245  -1
UVW2     1928    56746.57521  3.6900e-14  8.4800e-16  14.7490  0.0250  -1
UVW2     1928    56746.90020  3.7200e-14  8.4300e-16  14.7403  0.0246  -1
UVW2     1928    56747.70017  3.8400e-14  8.7000e-16  14.7058  0.0246  -1
UVW2     1928    56748.03316  3.7500e-14  8.5200e-16  14.7315  0.0247  -1
UVW2     1928    56748.51314  3.7400e-14  8.7800e-16  14.7344  0.0255  -1
UVW2     1928    56749.10012  3.6300e-14  8.1500e-16  14.7668  0.0244  -1
UVW2     1928    56749.37711  3.6600e-14  8.2500e-16  14.7579  0.0245  -1
UVW2     1928    56749.51410  3.6800e-14  8.5200e-16  14.7520  0.0251  -1
UVW2     1928    56750.45406  3.6200e-14  8.1700e-16  14.7698  0.0245  -1
UVW2     1928    56750.57906  3.6400e-14  8.3000e-16  14.7639  0.0248  -1
UVW2     1928    56751.56802  3.4900e-14  8.0900e-16  14.8095  0.0252  -1
UVW2     1928    56752.03900  3.4800e-14  8.0400e-16  14.8127  0.0251  -1
UVW2     1928    56752.63498  3.3500e-14  7.8900e-16  14.8540  0.0256  -1
UVW2     1928    56753.03796  3.2200e-14  7.4200e-16  14.8970  0.0250  -1
UVW2     1928    56753.36695  3.1400e-14  7.2300e-16  14.9243  0.0250  -1
UVW2     1928    56753.70393  3.0000e-14  7.1400e-16  14.9738  0.0258  -1
UVW2     1928    56753.91392  2.9900e-14  6.7700e-16  14.9774  0.0246  -1
UVW2     1928    56754.16991  2.9200e-14  6.6800e-16  15.0032  0.0248  -1
UVW2     1928    56754.36890  2.8900e-14  6.4400e-16  15.0144  0.0242  -1
UVW2     1928    56755.04787  2.7600e-14  6.4900e-16  15.0643  0.0255  -1
UVW2     1928    56755.36886  2.9200e-14  6.7600e-16  15.0032  0.0251  -1
UVW2     1928    56755.52085  2.7700e-14  6.4300e-16  15.0604  0.0252  -1
UVW2     1928    56756.10083  2.8300e-14  6.6200e-16  15.0371  0.0254  -1
UVW2     1928    56756.30582  2.8700e-14  6.6100e-16  15.0219  0.0250  -1
UVW2     1928    56756.77280  2.9600e-14  6.9300e-16  14.9884  0.0254  -1
UVW2     1928    56757.30177  2.9200e-14  6.7500e-16  15.0032  0.0251  -1
UVW2     1928    56757.51776  2.9200e-14  6.6600e-16  15.0032  0.0248  -1
UVW2     1928    56757.98174  2.9200e-14  6.6600e-16  15.0032  0.0248  -1
UVW2     1928    56758.31373  2.8700e-14  6.5400e-16  15.0219  0.0247  -1
UVW2     1928    56758.51872  2.8600e-14  6.5200e-16  15.0257  0.0248  -1
UVW2     1928    56758.96869  2.8700e-14  6.5300e-16  15.0219  0.0247  -1
UVW2     1928    56759.23568  2.8700e-14  6.5100e-16  15.0219  0.0246  -1
UVW2     1928    56759.83565  2.9400e-14  6.6500e-16  14.9957  0.0246  -1
UVW2     1928    56759.96865  2.8800e-14  6.5500e-16  15.0181  0.0247  -1
UVW2     1928    56760.30263  2.8200e-14  6.4200e-16  15.0410  0.0247  -1
UVW2     1928    56761.04259  2.9300e-14  6.6700e-16  14.9994  0.0247  -1
UVW2     1928    56761.83655  2.9500e-14  6.6100e-16  14.9921  0.0243  -1
UVW2     1928    56762.04354  2.9600e-14  6.7000e-16  14.9884  0.0246  -1
UVW2     1928    56762.30553  2.9700e-14  6.6700e-16  14.9847  0.0244  -1
UVW2     1928    56762.83650  2.8000e-14  6.6700e-16  15.0487  0.0259  -1
UVW2     1928    56763.04749  2.9400e-14  6.8000e-16  14.9957  0.0251  -1
UVW2     1928    56763.38147  2.7900e-14  6.3900e-16  15.0526  0.0249  -1
UVW2     1928    56763.51746  2.7200e-14  6.2300e-16  15.0802  0.0249  -1
UVW2     1928    56764.03744  2.9400e-14  6.6200e-16  14.9957  0.0244  -1
UVW2     1928    56764.38642  2.9200e-14  6.6200e-16  15.0032  0.0246  -1
UVW2     1928    56764.76940  2.9600e-14  6.8100e-16  14.9884  0.0250  -1
UVW2     1928    56765.11838  3.0100e-14  7.0700e-16  14.9702  0.0255  -1
UVW2     1928    56765.70235  2.9800e-14  7.1200e-16  14.9811  0.0259  -1
UVW2     1928    56766.10232  2.9800e-14  6.9900e-16  14.9811  0.0255  -1
UVW2     1928    56766.38631  2.9800e-14  7.1800e-16  14.9811  0.0262  -1
UVW2     1928    56766.72429  3.0100e-14  7.1600e-16  14.9702  0.0258  -1
UVW2     1928    56767.38425  2.8900e-14  6.7700e-16  15.0144  0.0254  -1
UVW2     1928    56768.44819  2.9400e-14  6.9800e-16  14.9957  0.0258  -1
UVW2     1928    56769.38514  3.2500e-14  7.4100e-16  14.8869  0.0248  -1
UVW2     1928    56770.51407  3.0100e-14  7.0100e-16  14.9702  0.0253  -1
UVW2     1928    56770.84705  3.2700e-14  7.4600e-16  14.8802  0.0248  -1
UVW2     1928    56771.18003  3.3700e-14  7.5900e-16  14.8475  0.0245  -1
UVW2     1928    56774.72381  3.4400e-14  8.1600e-16  14.8252  0.0258  -1
UVW2     1928    56775.58076  3.3800e-14  7.6600e-16  14.8443  0.0246  -1
UVW2     1928    56776.04073  3.4200e-14  7.7300e-16  14.8315  0.0245  -1
UVW2     1928    56776.24172  3.3700e-14  7.4700e-16  14.8475  0.0241  -1
UVW2     1928    56776.97567  3.2900e-14  7.8000e-16  14.8736  0.0257  -1
UVW2     1928    56777.37564  3.3200e-14  8.3700e-16  14.8638  0.0274  -1
UVW2     1928    56777.52164  3.0800e-14  7.1900e-16  14.9452  0.0253  -1
UVW2     1928    56778.58757  3.2600e-14  7.5500e-16  14.8836  0.0251  -1
UVW2     1928    56779.38051  3.1300e-14  7.3500e-16  14.9277  0.0255  -1
UVW2     1928    56779.85248  3.2500e-14  7.4300e-16  14.8869  0.0248  -1
UVW2     1928    56780.25246  3.1100e-14  7.1700e-16  14.9347  0.0250  -1
UVW2     1928    56780.52144  3.2700e-14  7.7800e-16  14.8802  0.0258  -1
UVW2     1928    56780.58743  3.2600e-14  7.6800e-16  14.8836  0.0256  -1
UVW2     1928    56782.09933  3.1400e-14  7.2100e-16  14.9243  0.0249  -1
UVW2     1928    56782.31032  3.1300e-14  7.0600e-16  14.9277  0.0245  -1
UVW2     1928    56782.70629  3.1700e-14  7.3500e-16  14.9140  0.0252  -1
UVW2     1928    56782.97827  3.2400e-14  7.5100e-16  14.8902  0.0252  -1
UVW2     1928    56783.36724  3.1900e-14  7.4500e-16  14.9071  0.0254  -1
UVW2     1928    56783.56623  3.1400e-14  7.3000e-16  14.9243  0.0252  -1
UVW2     1928    56783.96520  3.3600e-14  7.7000e-16  14.8508  0.0249  -1
UVW2     1928    56785.04113  3.4800e-14  8.0800e-16  14.8127  0.0252  -1
UVW2     1928    56785.56709  3.5300e-14  8.1000e-16  14.7972  0.0249  -1
UVW2     1928    56786.36703  3.4800e-14  7.7900e-16  14.8127  0.0243  -1
UVW2     1928    56786.97499  3.4100e-14  7.8200e-16  14.8347  0.0249  -1
UVW2     1928    56787.30797  3.4400e-14  7.7600e-16  14.8252  0.0245  -1
UVW2     1928    56787.71294  3.2300e-14  7.5500e-16  14.8936  0.0254  -1
UVW2     1928    56787.98192  3.3900e-14  7.8300e-16  14.8411  0.0251  -1
UVW2     1928    56788.30589  3.3000e-14  7.6200e-16  14.8703  0.0251  -1
UVW2     1928    56789.04584  3.3900e-14  7.6200e-16  14.8411  0.0244  -1
UVW2     1928    56789.30782  3.0000e-14  6.8000e-16  14.9738  0.0246  -1
UVW2     1928    56789.64880  3.2300e-14  7.6100e-16  14.8936  0.0256  -1
UVW2     1928    56789.96677  3.2000e-14  7.3000e-16  14.9037  0.0248  -1
UVW2     1928    56790.63573  3.1200e-14  7.2400e-16  14.9312  0.0252  -1
UVW2     1928    56791.03670  3.0800e-14  7.1200e-16  14.9452  0.0251  -1
UVW2     1928    56791.63565  3.1400e-14  7.3300e-16  14.9243  0.0253  -1
UVW2     1928    56791.96663  3.0300e-14  6.9100e-16  14.9630  0.0248  -1
UVW2     1928    56792.36760  3.1700e-14  7.3500e-16  14.9140  0.0252  -1
UVW2     1928    56792.50959  3.1400e-14  7.5500e-16  14.9243  0.0261  -1
UVW2     1928    56792.84556  3.2700e-14  7.3500e-16  14.8802  0.0244  -1
UVW2     1928    56793.84549  3.2700e-14  7.3800e-16  14.8802  0.0245  -1
UVW2     1928    56794.24846  3.2400e-14  7.5300e-16  14.8902  0.0252  -1
UVW2     1928    56794.69543  3.2100e-14  7.6800e-16  14.9003  0.0260  -1
UVW2     1928    56795.36238  3.2000e-14  7.6500e-16  14.9037  0.0260  -1
UVW2     1928    56795.89334  3.1100e-14  7.9400e-16  14.9347  0.0277  -1
UVW2     1928    56796.89326  3.2900e-14  7.5200e-16  14.8736  0.0248  -1
UVW2     1928    56798.51014  3.4100e-14  7.9700e-16  14.8347  0.0254  -1
UVW2     1928    56798.89211  3.2000e-14  7.2800e-16  14.9037  0.0247  -1
UVW2     1928    56799.22708  3.3000e-14  7.3200e-16  14.8703  0.0241  -1
UVW2     1928    56799.56406  3.2600e-14  7.2800e-16  14.8836  0.0242  -1
UVW2     1928    56800.02702  3.1700e-14  7.0300e-16  14.9140  0.0241  -1
UVW2     1928    56800.36100  3.1000e-14  7.1800e-16  14.9382  0.0251  -1
UVW2     1928    56800.82696  3.2800e-14  7.3400e-16  14.8769  0.0243  -1
UVW2     1928    56801.09794  3.3400e-14  7.5200e-16  14.8572  0.0244  -1
UVW2     1928    56802.09686  3.2700e-14  7.1900e-16  14.8802  0.0239  -1
UVW2     1928    56802.62882  3.2800e-14  7.2200e-16  14.8769  0.0239  -1
UVW2     1928    56802.88980  3.0300e-14  7.2600e-16  14.9630  0.0260  -1
UVW2     1928    56804.23170  3.1000e-14  7.0500e-16  14.9382  0.0247  -1
UVW2     1928    56805.09063  3.2600e-14  7.5600e-16  14.8836  0.0252  -1
UVW2     1928    56805.97456  3.2500e-14  7.3100e-16  14.8869  0.0244  -1
UVW2     1928    56806.37053  3.2200e-14  7.2500e-16  14.8970  0.0244  -1
UVW2     1928    56806.89149  3.2600e-14  7.3900e-16  14.8836  0.0246  -1
UVW2     1928    56807.22446  3.2000e-14  7.2100e-16  14.9037  0.0245  -1
UVW2     1928    56807.88941  3.2400e-14  7.3600e-16  14.8902  0.0247  -1
UVW2     1928    56808.55636  3.2600e-14  7.4000e-16  14.8836  0.0246  -1
UVW2     1928    56808.88933  3.4300e-14  7.7800e-16  14.8284  0.0246  -1
UVW2     1928    56809.22131  3.1900e-14  7.3700e-16  14.9071  0.0251  -1
UVW2     1928    56809.88925  3.3500e-14  7.6300e-16  14.8540  0.0247  -1
UVW2     1928    56810.22223  3.2800e-14  7.5400e-16  14.8769  0.0250  -1
UVW2     1928    56810.55520  3.2400e-14  7.3800e-16  14.8902  0.0247  -1
UVW2     1928    56810.88917  3.3000e-14  7.5200e-16  14.8703  0.0247  -1
UVW2     1928    56811.22115  3.3300e-14  7.9400e-16  14.8605  0.0259  -1
UVW2     1928    56811.75611  3.2500e-14  7.4900e-16  14.8869  0.0250  -1
UVW2     1928    56812.02309  3.3800e-14  7.8000e-16  14.8443  0.0251  -1
UVW2     1928    56812.37106  3.4900e-14  8.0200e-16  14.8095  0.0250  -1
UVW2     1928    56812.55504  3.4200e-14  7.8400e-16  14.8315  0.0249  -1
UVW2     1928    56813.22699  3.5700e-14  8.2900e-16  14.7849  0.0252  -1
UVW2     1928    56813.97393  3.4100e-14  7.6400e-16  14.8347  0.0243  -1
UVW2     1928    56814.37090  3.1600e-14  7.1500e-16  14.9174  0.0246  -1
UVW2     1928    56814.55489  3.5200e-14  8.3000e-16  14.8003  0.0256  -1
UVW2     1928    56814.62488  3.5500e-14  7.8600e-16  14.7910  0.0240  -1
UVW2     1928    56815.69680  3.5400e-14  8.1100e-16  14.7941  0.0249  -1
UVW2     1928    56815.95578  3.6700e-14  8.5000e-16  14.7549  0.0251  -1
UVW2     1928    56816.22876  3.7500e-14  8.5500e-16  14.7315  0.0248  -1
UVW2     1928    56817.62365  4.0000e-14  8.8100e-16  14.6615  0.0239  -1
UVW2     1928    56818.09061  4.0000e-14  8.4800e-16  14.6615  0.0230  -1
UVW2     1928    56818.23960  4.0400e-14  9.1600e-16  14.6507  0.0246  -1
UVW2     1928    56818.70456  4.1600e-14  9.5100e-16  14.6189  0.0248  -1
UVW2     1928    56818.95854  4.1700e-14  9.2900e-16  14.6163  0.0242  -1
UVW2     1928    56819.69548  4.0300e-14  9.1700e-16  14.6533  0.0247  -1
UVW2     1928    56820.22644  4.1900e-14  9.4200e-16  14.6111  0.0244  -1
UVW2     1928    56820.57341  3.9500e-14  9.0100e-16  14.6751  0.0248  -1
UVW2     1928    56820.63641  4.0700e-14  9.2700e-16  14.6426  0.0247  -1
UVW2     1928    56820.68841  4.1100e-14  9.3000e-16  14.6320  0.0246  -1
UVW2     1928    56821.90331  3.9500e-14  8.8400e-16  14.6751  0.0243  -1
UVW2     1928    56822.36428  3.8300e-14  8.6900e-16  14.7086  0.0246  -1
UVW2     1928    56823.15521  3.8600e-14  8.8900e-16  14.7001  0.0250  -1
UVW2     1928    56823.29420  3.5800e-14  8.0800e-16  14.7819  0.0245  -1
UVW2     1928    56824.61910  3.9100e-14  9.0000e-16  14.6862  0.0250  -1
UVW2     1928    56825.36204  3.6900e-14  8.3900e-16  14.7490  0.0247  -1
UVW2     1928    56825.55103  3.7400e-14  8.3900e-16  14.7344  0.0244  -1
UVW2     1928    56825.95700  3.6700e-14  7.6300e-16  14.7549  0.0226  -1
UVW2     1928    56826.42996  3.7000e-14  8.5000e-16  14.7461  0.0249  -1
UVW2     1928    56826.76194  3.4300e-14  7.8800e-16  14.8284  0.0249  -1
UVW2     1928    56827.03791  3.3800e-14  7.6700e-16  14.8443  0.0246  -1
UVW2     1928    56827.42889  3.3500e-14  7.7000e-16  14.8540  0.0250  -1
UVW2     1928    56827.88285  3.2600e-14  7.4400e-16  14.8836  0.0248  -1
UVW2     1928    56828.15183  3.2800e-14  7.5500e-16  14.8769  0.0250  -1
UVW2     1928    56828.42681  3.3300e-14  7.6800e-16  14.8605  0.0250  -1
UVW2     1928    56828.55380  3.3500e-14  7.0800e-16  14.8540  0.0229  -1
UVW2     1928    56829.01676  3.2500e-14  7.4900e-16  14.8869  0.0250  -1
UVW2     1928    56829.81470  3.1600e-14  7.4400e-16  14.9174  0.0256  -1
UVW2     1928    56830.15068  3.2600e-14  7.4300e-16  14.8836  0.0247  -1
UVW2     1928    56830.42066  3.2500e-14  7.4700e-16  14.8869  0.0250  -1
UVW2     1928    56832.01954  3.2200e-14  6.4900e-16  14.8970  0.0219  -1
UVW2     1928    56834.08538  3.1800e-14  6.3900e-16  14.9105  0.0218  -1
UVW2     1928    56837.21816  3.3300e-14  6.7000e-16  14.8605  0.0218  -1
UVW2     1928    56839.61198  3.3500e-14  6.8900e-16  14.8540  0.0223  -1
UVW2     1928    56840.27994  3.3200e-14  6.8900e-16  14.8638  0.0225  -1
UVW2     1928    56841.95782  3.2700e-14  6.5800e-16  14.8802  0.0218  -1
UVW2     1928    56844.27966  2.7600e-14  5.5700e-16  15.0643  0.0219  -1
UVW2     1928    56846.27853  3.1200e-14  6.2800e-16  14.9312  0.0219  -1
UVW2     1928    56847.74143  2.9800e-14  6.0800e-16  14.9811  0.0222  -1
UVW2     1928    56849.61031  2.7900e-14  5.6500e-16  15.0526  0.0220  -1
UVW2     1928    56852.07515  2.7600e-14  5.5700e-16  15.0643  0.0219  -1
UVW2     1928    56854.28602  2.6500e-14  5.4000e-16  15.1085  0.0221  -1
UVW2     1928    56854.35701  2.6000e-14  5.9400e-16  15.1292  0.0248  -1
UVW2     1928    56855.94892  2.6900e-14  5.4300e-16  15.0922  0.0219  -1
UVW2     1928    56858.08079  3.1650e-14  6.3730e-16  14.9157  0.0219  -1
UVW2     1928    56859.74670  3.0730e-14  6.1910e-16  14.9477  0.0219  -1
UVW2     1928    56862.07957  2.9540e-14  5.9240e-16  14.9906  0.0218  -1
UVW2     1928    56863.60449  2.9990e-14  6.0350e-16  14.9742  0.0218  -1
UVW2     1928    56865.60539  3.2370e-14  6.4980e-16  14.8913  0.0218  -1