# 1 1
      0.00000      11.6191    0.0922944
      1.00000      11.6401    0.0922925
      2.00000      11.7752    0.0923443
      3.00000      11.7299    0.0924564
      4.00000      11.5097    0.0925976
      5.00000      11.6132    0.0928827
      6.00000      11.3024    0.0932647
      7.00000      11.3396    0.0937457
      8.00000      11.2390    0.0943776
      9.00000      11.1306    0.0952117
      10.0000      10.8224    0.0961742
      11.0000      10.6166    0.0969505
      12.0000      10.6107    0.0974986
      13.0000      10.6293    0.0983072
      14.0000      10.2156    0.0995221
      15.0000      9.73226     0.100918
      16.0000      9.57719     0.102450
      17.0000      9.35108     0.104215
      18.0000      9.10679     0.105901
      19.0000      8.85028     0.107149
      20.0000      8.62653     0.107822
      21.0000      8.62642     0.108146
      22.0000      8.68356     0.108223
      23.0000      8.63371     0.108039
      24.0000      8.54608     0.107478
      25.0000      8.73538     0.106562
      26.0000      8.98730     0.105403
      27.0000      9.13563     0.104335
      28.0000      9.25609     0.103534
      29.0000      9.52069     0.102766
      30.0000      9.44495     0.102130
      31.0000      9.51522     0.101839
      32.0000      9.77127     0.101801
      33.0000      9.49540     0.101763
      34.0000      9.73291     0.101451
      35.0000      9.87817     0.101135
      36.0000      9.91361     0.100981
      37.0000      9.68331     0.100850
      38.0000      9.92354     0.100553
      39.0000      10.0572     0.100052
      40.0000      10.0019    0.0995339
      41.0000      10.4107    0.0989405
      42.0000      10.2195    0.0984326
      43.0000      10.3752    0.0979184
      44.0000      10.5510    0.0974279
      45.0000      10.5743    0.0969687
      46.0000      10.6968    0.0964735
      47.0000      10.7102    0.0959205
      48.0000      11.0114    0.0953374
      49.0000      11.1946    0.0946548
      50.0000      11.4126    0.0939756
      51.0000      11.5006    0.0931625
      52.0000      11.7754    0.0922933
      53.0000      11.8208    0.0915008
      54.0000      12.0433    0.0907127
      55.0000      12.3065    0.0898517
      56.0000      12.6127    0.0890129
      57.0000      12.7979    0.0884341
      58.0000      12.9170    0.0882075
      59.0000      12.9120    0.0881862
      60.0000      12.8311    0.0881851
      61.0000      12.7626    0.0881101
      62.0000      12.7355    0.0878867
      63.0000      13.0566    0.0876199
      64.0000      13.0858    0.0874587
      65.0000      13.0637    0.0873841
      66.0000      13.0861    0.0874815
      67.0000      13.0060    0.0878146
      68.0000      12.9712    0.0883388
      69.0000      12.5439    0.0888727
      70.0000      12.4093    0.0893995
      71.0000      12.4806    0.0898754
      72.0000      12.3604    0.0903651
      73.0000      12.0862    0.0909874
      74.0000      11.8622    0.0917078
      75.0000      11.6181    0.0925784
      76.0000      11.4071    0.0934934
      77.0000      11.1830    0.0943190
      78.0000      11.1317    0.0948683
      79.0000      10.9994    0.0952581
      80.0000      10.9458    0.0956412
      81.0000      10.8370    0.0959216
      82.0000      10.8813    0.0959776
      83.0000      10.7914    0.0959262
      84.0000      10.9591    0.0957781
      85.0000      10.9570    0.0955378
      86.0000      10.9655    0.0952682
      87.0000      10.9320    0.0950437
      88.0000      11.2019    0.0946086
      89.0000      11.3075    0.0941209
      90.0000      11.6161    0.0935998
      91.0000      11.5208    0.0930414
      92.0000      11.8408    0.0923417
      93.0000      11.8717    0.0916413
      94.0000      12.2988    0.0910673
      95.0000      12.2204    0.0907331
      96.0000      12.1921    0.0905923
      97.0000      12.3528    0.0905090
      98.0000      12.0825    0.0904795
      99.0000      12.4668    0.0903701
      100.000      12.4346    0.0900769
      101.000      12.3796    0.0897671
      102.000      12.5202    0.0895736
      103.000      12.5757    0.0894434
      104.000      12.6180    0.0891776
      105.000      12.7767    0.0887577
      106.000      12.8706    0.0883716
      107.000      12.9153    0.0881182
      108.000      12.8901    0.0879767
      109.000      12.7327    0.0878869
      110.000      12.7027    0.0878951
      111.000      12.9023    0.0879652
      112.000      12.5219    0.0880903
      113.000      12.8855    0.0882725
      114.000      12.7330    0.0884813
      115.000      12.7486    0.0887067
      116.000      12.5972    0.0888843
      117.000      12.4674    0.0889902
      118.000      12.4738    0.0890517
      119.000      12.6992    0.0890661
      120.000      12.5417    0.0890795
      121.000      12.6013    0.0890221
      122.000      12.5916    0.0889154
      123.000      12.8299    0.0888197
      124.000      12.7512    0.0887938
      125.000      12.5866    0.0887361
      126.000      12.4179    0.0887046
      127.000      12.5870    0.0888264
      128.000      12.5530    0.0891488
      129.000      12.3623    0.0896120
      130.000      12.3279    0.0901279
      131.000      11.9809    0.0907484
      132.000      12.0043    0.0913478
      133.000      11.9215    0.0917708
      134.000      11.6957    0.0921635
      135.000      11.6358    0.0925593
      136.000      11.6102    0.0929324
      137.000      11.6009    0.0931846
      138.000      11.3637    0.0932140
      139.000      11.5453    0.0931127
      140.000      11.6310    0.0930099
      141.000      11.6498    0.0929859
      142.000      11.5116    0.0931559
      143.000      11.3889    0.0934403
      144.000      11.4075    0.0937308
      145.000      11.4605    0.0939602
      146.000      11.3968    0.0941584
      147.000      11.3791    0.0940522
      148.000      11.4023    0.0936119
      149.000      11.4626    0.0928532
      150.000      11.7726    0.0918876
      151.000      11.8860    0.0908862
      152.000      12.3626    0.0899696
      153.000      12.6226    0.0892446
      154.000      12.6672    0.0886200
      155.000      12.8877    0.0880803
      156.000      13.1534    0.0876651
      157.000      13.2155    0.0872913
      158.000      13.3516    0.0868580
      159.000      13.5676    0.0862905
      160.000      13.5670    0.0857415
      161.000      13.7193    0.0851997
      162.000      13.9514    0.0847309
      163.000      14.0792    0.0843901
      164.000      14.1623    0.0841140
      165.000      14.1813    0.0838890
      166.000      14.3739    0.0837793
      167.000      14.2389    0.0838496
      168.000      14.1678    0.0840449
      169.000      13.7964    0.0844776
      170.000      13.7969    0.0850506
      171.000      13.8489    0.0855851
      172.000      13.3145    0.0859592
      173.000      13.4777    0.0861804
      174.000      13.4562    0.0863861
      175.000      13.4848    0.0865908
      176.000      13.2427    0.0867433
      177.000      13.4245    0.0869263
      178.000      13.1066    0.0871799
      179.000      12.8802    0.0875366
      180.000      12.9258    0.0880713
      181.000      12.8621    0.0886917
      182.000      12.3253    0.0892224
      183.000      12.4277    0.0896876
      184.000      12.3010    0.0903323
      185.000      12.0204    0.0910145
      186.000      11.9316    0.0917006
      187.000      11.7388    0.0924303
      188.000      11.4519    0.0932371
      189.000      11.5353    0.0939014
      190.000      11.2657    0.0942116
      191.000      11.3133    0.0942556
      192.000      11.1743    0.0942119
      193.000      11.1667    0.0942004
      194.000      11.3246    0.0941764
      195.000      11.2522    0.0941263
      196.000      11.3115    0.0939087
      197.000      11.2917    0.0936196
      198.000      11.5174    0.0933944
      199.000      11.4705    0.0933883
